"epsilon","mach_number","pressure","rad_temp","rho","rhoE","rhou","temperature","GlobalNodeId","PedigreeNodeId","Points:0","Points:1","Points:2"
1.372017199999927877e-06,2.9999431229382325093,0.0096485332019707152618,0.099999999999998687161,1.0000000012826602003,0.086836798873005383026,0.3804313319453794251,0.099999999999574290532,1,1,-0.23103788495063781738,0,0
1.3720172000000405324e-06,2.9999431206467761513,0.0096485331773016706769,0.10000000000000074107,0.99999999871734090995,0.086836798540442960981,0.38043133068051088186,0.10000000000042957859,2,2,-0.23086674511432647705,0,0
1.3720171999999227948e-06,2.9999431229383817232,0.0096485332019698080014,0.099999999999998590017,1.000000001282653983,0.086836798873004425459,0.38043133194537931407,0.099999999999565505893,3,3,-0.23069560527801513672,0,0
1.3720172000000371443e-06,2.9999431206466118383,0.0096485331773026889596,0.10000000000000068556,0.99999999871735223422,0.086836798540444196104,0.38043133068051226964,0.10000000000043901549,4,4,-0.23052446544170379639,0,0
1.3720171999999164421e-06,2.9999431229385566944,0.0096485332019687168603,0.099999999999998478994,1.0000000012826382179,0.08683679887300303768,0.38043133194537698261,0.099999999999555777563,5,5,-0.23035332560539245605,0,0
1.3720172000000329091e-06,2.9999431206464470812,0.0096485331773037159159,0.1000000000000006023,0.99999999871736700019,0.08683679854044547286,0.38043133068051437906,0.10000000000044817483,6,6,-0.23018218576908111572,0,0
1.3720171999999096658e-06,2.9999431229387361064,0.0096485332019676066373,0.099999999999998354094,1.000000001282624007,0.08683679887300171929,0.38043133194537515074,0.099999999999545674534,7,7,-0.23001104593276977539,0,0
1.3720172000000293092e-06,2.9999431206462734423,0.0096485331773047602194,0.10000000000000053291,0.99999999871737632606,0.086836798540446485939,0.38043133068051471213,0.10000000000045805582,8,8,-0.22983990609645843506,0,0
1.3720171999999035248e-06,2.9999431229389141862,0.0096485332019665710074,0.099999999999998243072,1.0000000012826189,0.086836798873000956012,0.38043133194537626096,0.099999999999535460482,9,9,-0.22966878116130828857,0,0
1.3720172000000261329e-06,2.9999431206461051325,0.009648533177305797584,0.1000000000000004774,0.99999999871738898261,0.086836798540447707184,0.38043133068051626644,0.10000000000046754822,10,10,-0.22949764132499694824,0,0
1.3720171999998988662e-06,2.9999431229390682851,0.0096485332019655891539,0.099999999999998159805,1.0000000012826051332,0.086836798872999568233,0.38043133194537387398,0.099999999999526675842,11,11,-0.22932650148868560791,0,0
1.3720172000000240153e-06,2.9999431206459465926,0.0096485331773067412736,0.10000000000000043576,0.99999999871739397861,0.086836798540448553729,0.38043133068051571133,0.10000000000047681858,12,12,-0.22915536165237426758,0,0
1.372017199999893784e-06,2.9999431229392277132,0.0096485332019646003615,0.099999999999998062661,1.0000000012825953633,0.086836798872998346988,0.38043133194537270825,0.09999999999951740548,13,13,-0.22898422181606292725,0,0
1.3720172000000206271e-06,2.9999431206457720656,0.0096485331773077855771,0.10000000000000038025,0.9999999987173994187,0.086836798540449539052,0.38043133068051521173,0.1000000000004871159,14,14,-0.22881308197975158691,0,0
1.3720171999998857371e-06,2.9999431229394080134,0.0096485332019635265677,0.099999999999997923883,1.0000000012825882578,0.086836798872997417176,0.38043133194537315234,0.099999999999506969384,15,15,-0.22864194214344024658,0,0
1.3720172000000134274e-06,2.9999431206455993149,0.009648533177308859371,0.10000000000000024147,0.99999999871741129809,0.086836798540450885198,0.38043133068051676604,0.1000000000004970524,16,16,-0.22847080230712890625,0,0
1.3720171999998747257e-06,2.9999431229395927545,0.0096485332019624354266,0.099999999999997715716,1.0000000012825829288,0.086836798872996487364,0.380431331945373985,0.09999999999949620022,17,17,-0.22829966247081756592,0,0
1.3720172000000047453e-06,2.9999431206454398868,0.0096485331773097943869,0.10000000000000008882,0.99999999871741396262,0.086836798540451579087,0.38043133068051543377,0.10000000000050648929,18,18,-0.22812852263450622559,0,0
1.3720171999998637143e-06,2.9999431229397583998,0.0096485332019614448995,0.099999999999997521427,1.0000000012825802642,0.086836798872995557552,0.38043133194537492869,0.099999999999486208213,19,19,-0.22795738279819488525,0,0
1.3720171999999964867e-06,2.9999431206452604748,0.0096485331773108768544,0.099999999999999936162,0.9999999987174222893,0.086836798540452675432,0.38043133068051560031,0.10000000000051686988,20,20,-0.22778624296188354492,0,0
1.3720171999998516441e-06,2.9999431229399560195,0.0096485332019602149806,0.099999999999997299382,1.0000000012825636109,0.086836798872994030996,0.38043133194537259723,0.099999999999475119861,21,21,-0.22761510312557220459,0,0
1.3720171999999869576e-06,2.9999431206450859477,0.0096485331773119402399,0.099999999999999769629,0.99999999871742983881,0.086836798540453827289,0.38043133068051587786,0.10000000000052712557,22,22,-0.22744396328926086426,0,0
1.3720171999998395738e-06,2.9999431229401416488,0.0096485332019591134312,0.099999999999997077338,1.0000000012825558393,0.086836798872993087306,0.3804313319453729858,0.099999999999464475597,23,23,-0.22727282345294952393,0,0
1.3720171999999770049e-06,2.9999431206449171938,0.0096485331773129758698,0.09999999999999957534,0.99999999871743561197,0.086836798540455006901,0.38043133068051598888,0.10000000000053728411,24,24,-0.22710168361663818359,0,0
1.3720171999998266566e-06,2.9999431229403334953,0.009648533201957928615,0.099999999999996841415,1.0000000012825434048,0.086836798872991657894,0.38043133194537154251,0.099999999999453442756,25,25,-0.22693054378032684326,0,0
1.3720171999999678993e-06,2.9999431206447373377,0.0096485331773140687456,0.099999999999999408806,0.9999999987174437166,0.086836798540456158757,0.38043133068051626644,0.10000000000054780347,26,26,-0.22675940394401550293,0,0
1.3720171999998156452e-06,2.9999431229405284505,0.009648533201956837474,0.099999999999996647126,1.0000000012825498441,0.08683679887299124156,0.38043133194537598341,0.099999999999441493981,27,27,-0.2265882641077041626,0,0
1.3720171999999611231e-06,2.9999431206445215103,0.0096485331773153177465,0.099999999999999297784,0.99999999871744926772,0.086836798540456977546,0.38043133068051454559,0.10000000000056019633,28,28,-0.22641712427139282227,0,0
1.3720171999998065396e-06,2.9999431229407433896,0.0096485332019554583688,0.099999999999996480593,1.0000000012825271956,0.086836798872989229281,0.38043133194537182007,0.099999999999429461939,29,29,-0.22624598443508148193,0,0
1.3720171999999554056e-06,2.999943120644290584,0.0096485331773166586877,0.099999999999999186762,0.99999999871745770541,0.086836798540457935114,0.38043133068051337986,0.10000000000057324145,30,30,-0.2260748445987701416,0,0
1.3720171999997961634e-06,2.9999431229409529998,0.0096485332019541816123,0.099999999999996286304,1.0000000012825123186,0.086836798872987813747,0.38043133194537032127,0.09999999999941772133,31,31,-0.22590371966361999512,0,0
1.3720171999999467235e-06,2.9999431206440774211,0.0096485331773180377929,0.099999999999999034106,0.99999999871748113112,0.086836798540460016782,0.38043133068051787626,0.10000000000058520411,32,32,-0.22573257982730865479,0,0
1.3720171999997826109e-06,2.9999431229411923638,0.0096485332019527383224,0.099999999999996036504,1.0000000012824969975,0.086836798872986398212,0.38043133194536937758,0.099999999999404301509,33,33,-0.22556143999099731445,0,0
1.3720171999999359238e-06,2.9999431206438833541,0.0096485331773192763855,0.099999999999998825939,0.99999999871749989389,0.08683679854046184865,0.38043133068052137347,0.10000000000059615368,34,34,-0.22539030015468597412,0,0
1.3720171999997684231e-06,2.9999431229413846545,0.009648533201951536159,0.099999999999995786704,1.0000000012824854512,0.086836798872984857778,0.38043133194536787878,0.099999999999392991112,35,35,-0.22521916031837463379,0,0
1.3720171999999240654e-06,2.9999431206436750763,0.0096485331773205253864,0.099999999999998617772,0.9999999987175034466,0.086836798540463000506,0.38043133068052015222,0.10000000000060874084,36,36,-0.22504802048206329346,0,0
1.3720171999997523295e-06,2.999943122941616469,0.0096485332019501674622,0.099999999999995481392,1.0000000012824790119,0.086836798872983719799,0.38043133194536904451,0.099999999999379446392,37,37,-0.22487688064575195312,0,0
1.3720171999999103011e-06,2.9999431206434756803,0.0096485331773217379581,0.099999999999998367972,0.9999999987175114402,0.086836798540464305018,0.38043133068052031875,0.10000000000062052308,38,38,-0.22470574080944061279,0,0
1.3720171999997353888e-06,2.9999431229418545009,0.0096485332019487137639,0.099999999999995176081,1.0000000012824654672,0.086836798872982123854,0.3804313319453679898,0.099999999999365735137,39,39,-0.22453460097312927246,0,0
1.3720171999998980191e-06,2.9999431206432487507,0.0096485331773230615521,0.099999999999998145928,0.99999999871751676928,0.086836798540465262586,0.38043133068051865342,0.10000000000063370698,40,40,-0.22436346113681793213,0,0
1.3720171999997199304e-06,2.9999431229420672196,0.0096485332019473919046,0.099999999999994898525,1.0000000012824528106,0.086836798872980486275,0.380431331945366491,0.099999999999353300639,41,41,-0.2241923213005065918,0,0
1.3720171999998855254e-06,2.9999431206430360319,0.0096485331773242637154,0.099999999999997910005,0.9999999987175114402,0.086836798540465831575,0.38043133068051437906,0.10000000000064669659,42,42,-0.22402118146419525146,0,0
1.3720171999997034133e-06,2.9999431229423154655,0.0096485332019458549396,0.099999999999994593214,1.0000000012824339368,0.086836798872978640529,0.38043133194536410402,0.099999999999339256318,43,43,-0.22385004162788391113,0,0
1.3720171999998723964e-06,2.9999431206428242014,0.0096485331773255404719,0.099999999999997674083,0.99999999871751665825,0.086836798540467094454,0.38043133068051365742,0.10000000000065940864,44,44,-0.2236789017915725708,0,0
1.3720171999996866844e-06,2.9999431229425526091,0.0096485332019444949164,0.099999999999994287903,1.000000001282434603,0.086836798872977793984,0.38043133194536737918,0.099999999999325087097,45,45,-0.22350776195526123047,0,0
1.3720171999998596909e-06,2.9999431206425728469,0.0096485331773271225397,0.09999999999999743816,0.99999999871753975089,0.086836798540469217755,0.38043133068051737666,0.10000000000067349459,46,46,-0.22333662211894989014,0,0
1.3720171999996710143e-06,2.9999431229428017431,0.0096485332019429596861,0.099999999999994010347,1.0000000012824188378,0.086836798872976045383,0.38043133194536582486,0.09999999999931076522,47,47,-0.2231654822826385498,0,0
1.3720171999998478324e-06,2.9999431206423268215,0.0096485331773286855256,0.099999999999997229994,0.9999999987175611782,0.086836798540471396568,0.3804313306805210404,0.10000000000068755279,48,48,-0.22299434244632720947,0,0
1.3720171999996553442e-06,2.9999431229430411072,0.0096485332019414695587,0.099999999999993718913,1.0000000012824037388,0.086836798872974185759,0.38043133194536393749,0.099999999999296818043,49,49,-0.22282320261001586914,0,0
1.3720171999998355504e-06,2.9999431206420870133,0.0096485331773302120822,0.099999999999997007949,0.99999999871758071812,0.086836798540473589259,0.38043133068052448209,0.1000000000007014167,50,50,-0.22265206277370452881,0,0
1.3720171999996381918e-06,2.999943122943298679,0.0096485332019398701436,0.099999999999993413602,1.0000000012823881956,0.086836798872972215113,0.38043133194536210562,0.099999999999281802276,51,51,-0.22248092293739318848,0,0
1.3720171999998224214e-06,2.999943120641866301,0.0096485331773314437359,0.099999999999996772027,0.99999999871756739545,0.086836798540474033348,0.38043133068051826484,0.10000000000071551653,52,52,-0.22230978310108184814,0,0
1.3720171999996212511e-06,2.9999431229435371549,0.009648533201938537876,0.099999999999993094413,1.0000000012823961892,0.086836798872971729391,0.38043133194536760122,0.099999999999267188966,53,53,-0.22213864326477050781,0,0
1.3720171999998090807e-06,2.9999431206416260487,0.0096485331773329147814,0.099999999999996522226,0.9999999987175786087,0.086836798540475670927,0.38043133068051887546,0.10000000000072964412,54,54,-0.22196751832962036133,0,0
1.3720171999996038869e-06,2.9999431229437960589,0.0096485332019369922374,0.099999999999992789101,1.0000000012823897499,0.086836798872970313856,0.38043133194536876696,0.099999999999251812377,55,55,-0.221796378493309021,0,0
1.3720171999997961634e-06,2.9999431206413675888,0.0096485331773344500117,0.099999999999996286304,0.99999999871758504799,0.086836798540477003194,0.3804313306805175432,0.10000000000074490969,56,56,-0.22162523865699768066,0,0
1.3720171999995869463e-06,2.9999431229440740587,0.0096485332019352523097,0.099999999999992469912,1.0000000012823684337,0.086836798872968037899,0.38043133194536560282,0.099999999999235908432,57,57,-0.22145409882068634033,0,0
1.3720171999997830344e-06,2.9999431206411073525,0.0096485331773359765684,0.099999999999996050382,0.99999999871758604719,0.086836798540478196684,0.38043133068051487866,0.10000000000076061935,58,58,-0.221282958984375,0,0
1.3720171999995693703e-06,2.9999431229443480618,0.0096485332019336424864,0.099999999999992150723,1.0000000012823637707,0.086836798872966788898,0.38043133194536776776,0.099999999999219699176,59,59,-0.22111181914806365967,0,0
1.3720171999997692701e-06,2.9999431206408257999,0.0096485331773376783321,0.099999999999995800581,0.99999999871760014702,0.08683679854047991753,0.38043133068051537826,0.10000000000077685636,60,60,-0.22094067931175231934,0,0
1.3720171999995507356e-06,2.999943122944627838,0.0096485332019319771518,0.099999999999991817656,1.0000000012823564433,0.086836798872965303975,0.38043133194536904451,0.099999999999203170731,61,61,-0.220769539475440979,0,0
1.372017199999754447e-06,2.9999431206405500205,0.0096485331773393263194,0.099999999999995523026,0.99999999871760991699,0.086836798540481444086,0.38043133068051476764,0.10000000000079295459,62,62,-0.22059839963912963867,0,0
1.3720171999995308303e-06,2.999943122944941809,0.0096485332019300724254,0.099999999999991456834,1.0000000012823366813,0.086836798872963291696,0.3804313319453674902,0.099999999999185407162,63,63,-0.22042725980281829834,0,0
1.3720171999997392004e-06,2.9999431206402600303,0.0096485331773410280831,0.09999999999999524547,0.99999999871761946491,0.086836798540482762476,0.38043133068051332435,0.10000000000080964957,64,64,-0.22025611996650695801,0,0
1.3720171999995113486e-06,2.9999431229452357961,0.009648533201928268313,0.099999999999991096011,1.0000000012823184736,0.086836798872961223905,0.38043133194536571384,0.099999999999168531772,65,65,-0.22008498013019561768,0,0
1.3720171999997237421e-06,2.9999431206399580496,0.0096485331773428131136,0.099999999999994967914,0.99999999871763112225,0.086836798540484302911,0.38043133068051254719,0.10000000000082698293,66,66,-0.21991384029388427734,0,0
1.3720171999994901728e-06,2.9999431229455635339,0.0096485332019263531783,0.099999999999990707433,1.0000000012823095918,0.086836798872959808371,0.38043133194536782327,0.099999999999149560836,67,67,-0.21974270045757293701,0,0
1.3720171999997078602e-06,2.9999431206396782734,0.0096485331773445339593,0.099999999999994676481,0.99999999871764888582,0.086836798540486273557,0.38043133068051432355,0.10000000000084302565,68,68,-0.21957156062126159668,0,0
1.372017199999471538e-06,2.9999431229458641823,0.0096485332019245577395,0.099999999999990374366,1.0000000012822995998,0.086836798872958170792,0.38043133194536871144,0.099999999999131963802,69,69,-0.21940042078495025635,0,0
1.3720171999996960018e-06,2.9999431206393611937,0.0096485331773464317467,0.099999999999994468314,0.99999999871765954396,0.086836798540488049913,0.38043133068051354639,0.10000000000086163576,70,70,-0.21922928094863891602,0,0
1.3720171999994556562e-06,2.9999431229461990256,0.0096485332019225506645,0.099999999999990082933,1.0000000012822842788,0.086836798872956241779,0.38043133194536865593,0.099999999999112687554,71,71,-0.21905814111232757568,0,0
1.3720171999996856256e-06,2.9999431206390227977,0.0096485331773484301482,0.099999999999994274025,0.99999999871767142334,0.086836798540489715248,0.38043133068051226964,0.10000000000088116181,72,72,-0.21888700127601623535,0,0
1.3720171999994401978e-06,2.9999431229465169935,0.0096485332019205696102,0.099999999999989805377,1.0000000012822602979,0.086836798872953757655,0.38043133194536538078,0.099999999999094549286,73,73,-0.21871586143970489502,0,0
1.3720171999996741907e-06,2.9999431206387145998,0.0096485331773502897718,0.099999999999994065858,0.99999999871768230353,0.086836798540491602627,0.38043133068051199208,0.10000000000089935559,74,74,-0.21854472160339355469,0,0
1.3720171999994224101e-06,2.9999431229468438431,0.0096485332019186458019,0.09999999999998947231,1.0000000012822525264,0.086836798872952217221,0.38043133194536743469,0.099999999999075384061,75,75,-0.21837358176708221436,0,0
1.3720171999996610617e-06,2.9999431206384228332,0.009648533177352138987,0.099999999999993829936,0.99999999871770195448,0.08683679854049415614,0.38043133068051515622,0.10000000000091655017,76,76,-0.21820244193077087402,0,0
1.3720171999994061047e-06,2.9999431229471844595,0.0096485332019166283185,0.099999999999989180877,1.0000000012822425344,0.086836798872950510253,0.380431331945368989,0.099999999999055483313,77,77,-0.21803131699562072754,0,0
1.3720171999996515325e-06,2.9999431206380928749,0.0096485331773540818773,0.099999999999993649524,0.99999999871770672843,0.086836798540495696574,0.38043133068051243617,0.10000000000093620112,78,78,-0.21786017715930938721,0,0
1.3720171999993921287e-06,2.9999431229474966543,0.0096485332019147409394,0.099999999999988931076,1.0000000012822312101,0.086836798872948567363,0.38043133194536915553,0.099999999999037053611,79,79,-0.21768903732299804688,0,0
1.3720171999996422152e-06,2.9999431206377429326,0.009648533177356210383,0.099999999999993482991,0.99999999871772848881,0.086836798540498000287,0.38043133068051426804,0.10000000000095608799,80,80,-0.21751789748668670654,0,0
1.3720171999993760351e-06,2.9999431229478497052,0.00964853320191260376,0.099999999999988625765,1.0000000012822132245,0.086836798872946374672,0.38043133194536843389,0.099999999999016694896,81,81,-0.21734675765037536621,0,0
1.3720171999996303567e-06,2.9999431206373974312,0.0096485331773583475623,0.099999999999993260946,0.99999999871775124838,0.0868367985405005538,0.38043133068051687706,0.10000000000097597486,82,82,-0.21717561781406402588,0,0
1.3720171999993578239e-06,2.9999431229482111938,0.0096485332019103659668,0.099999999999988292698,1.0000000012821876894,0.086836798872943640748,0.38043133194536521424,0.099999999998996058626,83,83,-0.21700447797775268555,0,0
1.3720171999996165924e-06,2.9999431206370701375,0.0096485331773603372901,0.099999999999993011146,0.99999999871776334981,0.086836798540502649346,0.38043133068051682155,0.100000000000995376,84,84,-0.21683333814144134521,0,0
1.3720171999993383421e-06,2.999943122948550478,0.0096485332019083762389,0.099999999999987945754,1.0000000012821852469,0.086836798872942128069,0.38043133194536860042,0.099999999998975686033,85,85,-0.21666219830513000488,0,0
1.3720171999996028281e-06,2.9999431206367375147,0.0096485331773623807944,0.099999999999992761346,0.99999999871777855986,0.08683679854050500857,0.38043133068051787626,0.10000000000101504083,86,86,-0.21649105846881866455,0,0
1.3720171999993194956e-06,2.9999431229489230688,0.0096485332019061193637,0.099999999999987598809,1.0000000012821683715,0.086836798872939782723,0.38043133194536815633,0.099999999998953981173,87,87,-0.21631991863250732422,0,0
1.3720171999995903344e-06,2.9999431206363644797,0.0096485331773645561376,0.099999999999992539301,0.99999999871778488814,0.086836798540506590638,0.38043133068051465662,0.10000000000103695386,88,88,-0.21614877879619598389,0,0
1.3720171999993017079e-06,2.9999431229492850015,0.0096485332019039544288,0.09999999999998727962,1.0000000012821583795,0.086836798872937756566,0.38043133194536943309,0.099999999998932539991,89,89,-0.21597763895988464355,0,0
1.3720171999995780524e-06,2.999943120636017202,0.0096485331773665718863,0.099999999999992317257,0.999999998717784222,0.086836798540507978417,0.38043133068051021572,0.10000000000105790932,90,90,-0.21580649912357330322,0,0
1.372017199999283285e-06,2.9999431229496678064,0.0096485332019016403077,0.099999999999986946553,1.0000000012821430584,0.086836798872935397342,0.38043133194536943309,0.09999999999891008573,91,91,-0.21563535928726196289,0,0
1.3720171999995653469e-06,2.999943120635629068,0.0096485331773689692741,0.099999999999992081334,0.99999999871780842486,0.086836798540510837241,0.38043133068051288026,0.10000000000108033582,92,92,-0.21546421945095062256,0,0
1.3720171999992646502e-06,2.9999431229500812535,0.0096485332018991804698,0.099999999999986599608,1.0000000012821248507,0.086836798872933232407,0.3804313319453699882,0.099999999998886424102,93,93,-0.21529307961463928223,0,0
1.372017199999553912e-06,2.9999431206352471513,0.0096485331773713371717,0.099999999999991873167,0.99999999871783162853,0.086836798540513723821,0.3804313306805155448,0.10000000000110255416,94,94,-0.21512193977832794189,0,0
1.3720171999992487684e-06,2.9999431229504716079,0.0096485332018968108375,0.099999999999986308175,1.0000000012821044226,0.086836798872930720528,0.38043133194536882247,0.099999999998863900452,95,95,-0.21495079994201660156,0,0
1.3720171999995445946e-06,2.9999431206348501355,0.0096485331773738438471,0.099999999999991706634,0.99999999871786404704,0.086836798540517137757,0.38043133068052081835,0.10000000000112528598,96,96,-0.21477966010570526123,0,0
1.3720171999992328865e-06,2.9999431229508486396,0.0096485332018945539623,0.099999999999986030619,1.0000000012820944306,0.086836798872928624982,0.38043133194537032127,0.099999999998841501703,97,97,-0.2146085202693939209,0,0
1.3720171999995344302e-06,2.9999431206344615575,0.0096485331773761753155,0.099999999999991512345,0.99999999871787792483,0.086836798540519358203,0.38043133068052009671,0.1000000000011480733,98,98,-0.21443738043308258057,0,0
1.3720171999992159458e-06,2.9999431229512709685,0.0096485332018919171826,0.09999999999998571143,1.0000000012820651207,0.086836798872925266557,0.38043133194536632447,0.099999999998817104552,99,99,-0.21426625549793243408,0,0
1.3720171999995238423e-06,2.9999431206340703149,0.0096485331773784235171,0.099999999999991318056,0.99999999871787614847,0.08683679854052069047,0.38043133068051437906,0.10000000000117154064,100,100,-0.21409511566162109375,0,0
1.372017199999200064e-06,2.9999431229517026232,0.0096485332018893272404,0.099999999999985419996,1.0000000012820493556,0.086836798872922754677,0.38043133194536693509,0.099999999998791846978,101,101,-0.21392397582530975342,0,0
1.3720171999995155837e-06,2.9999431206336244493,0.0096485331773811158079,0.099999999999991179278,0.99999999871790212769,0.08683679854052345215,0.38043133068051598888,0.10000000000119686761,102,102,-0.21375283598899841309,0,0
1.3720171999991852409e-06,2.999943122952115182,0.0096485332018868656678,0.099999999999985156318,1.0000000012820393636,0.086836798872920520354,0.38043133194536887798,0.099999999998767324927,103,103,-0.21358169615268707275,0,0
1.3720171999995075369e-06,2.9999431206332229927,0.009648533177383530543,0.099999999999991026622,0.99999999871791678263,0.086836798540525811374,0.38043133068051543377,0.10000000000122041821,104,104,-0.21341055631637573242,0,0
1.3720171999991716884e-06,2.9999431229525588272,0.0096485332018842098062,0.099999999999984906518,1.0000000012820231543,0.086836798872918008474,0.38043133194536965513,0.099999999998741428975,105,105,-0.21323941648006439209,0,0
1.3720171999995028783e-06,2.9999431206327686894,0.0096485331773862505894,0.099999999999990943356,0.99999999871793510131,0.086836798540528351009,0.38043133068051487866,0.10000000000124677213,106,106,-0.21306827664375305176,0,0
1.3720171999991613122e-06,2.9999431229530144627,0.0096485332018813509819,0.099999999999984726107,1.0000000012819858508,0.086836798872914261471,0.380431331945363993,0.099999999998715519145,107,107,-0.21289713680744171143,0,0
1.3720171999994990666e-06,2.9999431206322944021,0.0096485331773891475776,0.099999999999990873967,0.99999999871796063644,0.086836798540531570656,0.38043133068051676604,0.10000000000127425015,108,108,-0.21272599697113037109,0,0
1.3720171999991490302e-06,2.9999431229534985199,0.0096485332018783724617,0.099999999999984490184,1.0000000012819516559,0.08683679887291081978,0.38043133194536016273,0.099999999998688082758,109,109,-0.21255485713481903076,0,0
1.3720171999994937726e-06,2.9999431206318574183,0.0096485331773918121129,0.099999999999990776822,0.9999999987179798433,0.086836798540534471114,0.3804313306805175432,0.10000000000129993794,110,110,-0.21238371729850769043,0,0
1.3720171999991371718e-06,2.9999431229539514909,0.009648533201875754764,0.099999999999984282018,1.0000000012819507678,0.086836798872909112812,0.38043133194536582486,0.09999999999866103495,111,111,-0.2122125774621963501,0,0
1.3720171999994897492e-06,2.9999431206313937892,0.0096485331773946050177,0.099999999999990707433,0.99999999871799705176,0.086836798540537246671,0.38043133068051709911,0.10000000000132718003,112,112,-0.21204143762588500977,0,0
1.3720171999991261603e-06,2.9999431229544182287,0.0096485332018730243092,0.099999999999984073851,1.0000000012819445505,0.086836798872907058899,0.38043133194537004371,0.099999999998633348763,113,113,-0.21187029778957366943,0,0
1.3720171999994865729e-06,2.9999431206309195019,0.0096485331773974083308,0.099999999999990651922,0.99999999871800782092,0.086836798540539592017,0.38043133068051426804,0.10000000000135514377,114,114,-0.2116991579532623291,0,0
1.372017199999115996e-06,2.9999431229548929601,0.0096485332018702314044,0.099999999999983893439,1.0000000012819376671,0.086836798872904810698,0.38043133194537381847,0.099999999998605093587,115,115,-0.21152801811695098877,0,0
1.3720171999994840318e-06,2.9999431206304341124,0.0096485331774002949107,0.099999999999990596411,0.99999999871802380813,0.086836798540542131652,0.3804313306805126027,0.10000000000138346834,116,116,-0.21135687828063964844,0,0
1.3720171999991060433e-06,2.999943122955370356,0.0096485332018674280913,0.099999999999983713028,1.0000000012819296735,0.086836798872902618007,0.38043133194537759323,0.099999999998576852289,117,117,-0.21118573844432830811,0,0
1.3720171999994817024e-06,2.9999431206299287389,0.0096485331774032925128,0.099999999999990554778,0.9999999987180405725,0.086836798540544712921,0.38043133068051077084,0.10000000000141286149,118,118,-0.21101459860801696777,0,0
1.3720171999990946084e-06,2.9999431229558770617,0.0096485332018643645696,0.099999999999983504861,1.0000000012819054707,0.086836798872899495505,0.38043133194537687158,0.099999999998547514646,119,119,-0.21084345877170562744,0,0
1.3720171999994766202e-06,2.9999431206294526753,0.0096485331774061149079,0.099999999999990457633,0.99999999871804989837,0.086836798540547155412,0.38043133068050782875,0.10000000000144117218,120,120,-0.21067231893539428711,0,0
1.3720171999990819029e-06,2.999943122956410857,0.0096485332018611449229,0.099999999999983268939,1.0000000012818828221,0.08683679887289626198,0.38043133194537676056,0.099999999998516414523,121,121,-0.21050117909908294678,0,0
1.3720171999994732321e-06,2.9999431206289082219,0.0096485331774094091478,0.099999999999990402122,0.99999999871807687679,0.086836798540550527714,0.38043133068050882795,0.10000000000147261925,122,122,-0.21033005416393280029,0,0
1.3720171999990700444e-06,2.9999431229569477608,0.0096485332018578697649,0.099999999999983060772,1.0000000012818528461,0.086836798872892709267,0.38043133194537459563,0.099999999998485467056,123,123,-0.21015891432762145996,0,0
1.3720171999994694204e-06,2.9999431206283873053,0.0096485331774125906307,0.099999999999990332733,0.99999999871810363317,0.08683679854055406655,0.38043133068051065981,0.10000000000150292834,124,124,-0.20998777449131011963,0,0
1.3720171999990588212e-06,2.9999431229574944346,0.0096485332018545390959,0.099999999999982852605,1.0000000012818233142,0.086836798872889087164,0.38043133194537259723,0.099999999998453895089,125,125,-0.2098166346549987793,0,0
1.3720171999994675146e-06,2.999943120627828641,0.0096485331774159594637,0.0999999999999902911,0.99999999871812628172,0.086836798540557397219,0.38043133068051049328,0.10000000000153556889,126,126,-0.20964549481868743896,0,0
1.3720171999990484451e-06,2.9999431229580597602,0.0096485332018511355684,0.099999999999982658316,1.0000000012817980011,0.086836798872885728739,0.38043133194537237518,0.09999999999842114351,127,127,-0.20947435498237609863,0,0
1.3720171999994664558e-06,2.9999431206272735295,0.0096485331774193265619,0.099999999999990277222,0.99999999871815314911,0.086836798540560936055,0.3804313306805116035,0.10000000000156777924,128,128,-0.2093032151460647583,0,0
1.3720171999990387042e-06,2.9999431229586130954,0.009648533201847888166,0.099999999999982477905,1.0000000012817860107,0.086836798872883202982,0.38043133194537626096,0.099999999998388697242,129,129,-0.20913207530975341797,0,0
1.3720171999994651853e-06,2.9999431206267157535,0.0096485331774227318241,0.099999999999990263344,0.9999999987181804606,0.086836798540564683058,0.38043133068051321333,0.10000000000160033653,130,130,-0.20896093547344207764,0,0
1.3720171999990289633e-06,2.9999431229591841941,0.0096485332018444083108,0.099999999999982311372,1.0000000012817573669,0.086836798872879455979,0.38043133194537470665,0.099999999998355501574,131,131,-0.2087897956371307373,0,0
1.3720171999994647618e-06,2.999943120626145987,0.0096485331774262012711,0.099999999999990249466,0.99999999871820866026,0.086836798540568416183,0.38043133068051471213,0.10000000000163347669,132,132,-0.20861865580081939697,0,0
1.372017199999019646e-06,2.9999431229597206539,0.009648533201841188664,0.099999999999982144838,1.0000000012817447104,0.086836798872876347355,0.38043133194537681607,0.099999999998323388373,133,133,-0.20844751596450805664,0,0
1.3720171999994628559e-06,2.9999431206255988691,0.009648533177429476429,0.099999999999990207833,0.99999999871822253805,0.086836798540571497051,0.38043133068051254719,0.10000000000166603398,134,134,-0.20827637612819671631,0,0
1.372017199999008211e-06,2.9999431229602930848,0.0096485332018377747282,0.099999999999981922794,1.0000000012817333861,0.086836798872873252608,0.38043133194537998021,0.099999999998289137992,135,135,-0.20810523629188537598,0,0
1.3720171999994603148e-06,2.9999431206250193327,0.0096485331774330013871,0.0999999999999901662,0.99999999871824729603,0.08683679854057527181,0.38043133068051326884,0.10000000000170009007,136,136,-0.20793409645557403564,0,0
1.3720171999989965643e-06,2.9999431229608699567,0.0096485332018343989563,0.099999999999981714627,1.0000000012817287232,0.086836798872870699095,0.38043133194538569786,0.099999999998254623934,137,137,-0.20776295661926269531,0,0
1.372017199999457562e-06,2.9999431206244078219,0.0096485331774366928786,0.099999999999990124566,0.99999999871827371933,0.086836798540578963301,0.38043133068051343537,0.10000000000173571435,138,138,-0.20759181678295135498,0,0
1.3720171999989832235e-06,2.9999431229615090011,0.0096485332018305218493,0.099999999999981478704,1.0000000012816956385,0.086836798872866646781,0.38043133194538403252,0.099999999998217736774,139,139,-0.20742067694664001465,0,0
1.3720171999994545974e-06,2.9999431206238091896,0.0096485331774402733479,0.099999999999990069055,0.99999999871829270415,0.086836798540582307848,0.38043133068051171453,0.1000000000017709223,140,140,-0.20724953711032867432,0,0
1.3720171999989722121e-06,2.9999431229621351669,0.0096485332018266915799,0.099999999999981270538,1.000000001281662998,0.086836798872862358545,0.38043133194538164554,0.099999999998181307581,141,141,-0.20707839727401733398,0,0
1.3720171999994541739e-06,2.9999431206231705893,0.0096485331774440845354,0.099999999999990055177,0.99999999871831446452,0.086836798540585791173,0.38043133068050999368,0.10000000000180825355,142,142,-0.20690725743770599365,0,0
1.372017199998962683e-06,2.9999431229627924189,0.009648533201822713859,0.099999999999981104004,1.0000000012816288031,0.08683679887285825072,0.38043133194538003572,0.099999999998143504487,143,143,-0.20673611760139465332,0,0
1.3720171999994558679e-06,2.9999431206225128932,0.0096485331774480535827,0.099999999999990082933,0.99999999871834643894,0.086836798540589787976,0.38043133068051093737,0.10000000000184619542,144,144,-0.20656499266624450684,0,0
1.3720171999989548479e-06,2.9999431229634381246,0.0096485332018188089964,0.099999999999980951348,1.0000000012816048223,0.086836798872854281672,0.3804313319453804243,0.099999999998105423837,145,145,-0.2063938528299331665,0,0
1.3720171999994590443e-06,2.9999431206218476476,0.0096485331774520503856,0.099999999999990138444,0.99999999871837441656,0.086836798540593701512,0.38043133068051077084,0.1000000000018848173,146,146,-0.20622271299362182617,0,0
1.3720171999989482834e-06,2.9999431229641126961,0.0096485332018147566824,0.099999999999980840326,1.0000000012815803974,0.086836798872850368136,0.38043133194538147901,0.099999999998065872142,147,147,-0.20605157315731048584,0,0
1.3720171999994639147e-06,2.9999431206211539802,0.0096485331774563247442,0.099999999999990235588,0.99999999871842060184,0.086836798540598683638,0.38043133068051582235,0.1000000000019244939,148,148,-0.20588043332099914551,0,0
1.3720171999989436247e-06,2.9999431229647846031,0.0096485332018106488572,0.099999999999980757059,1.0000000012815475348,0.086836798872845802344,0.3804313319453794251,0.099999999998026584125,149,149,-0.20570929348468780518,0,0
1.3720171999994700557e-06,2.9999431206204469902,0.0096485331774605800209,0.099999999999990346611,0.99999999871844813537,0.086836798540602846974,0.38043133068051521173,0.10000000000196583583,150,150,-0.20553815364837646484,0,0
1.3720171999989376955e-06,2.9999431229654973663,0.0096485332018063744985,0.099999999999980646037,1.0000000012815175587,0.086836798872841708397,0.38043133194537981367,0.099999999997985283828,151,151,-0.20536701381206512451,0,0
1.3720171999994738674e-06,2.9999431206197484379,0.0096485331774647711128,0.099999999999990416,0.99999999871846922961,0.086836798540606871533,0.38043133068051326884,0.10000000000200717776,152,152,-0.20519587397575378418,0,0
1.3720171999989294369e-06,2.9999431229662389953,0.0096485332018019145245,0.099999999999980493381,1.0000000012814835859,0.086836798872837364649,0.38043133194537953612,0.099999999997942443097,153,153,-0.20502473413944244385,0,0
1.3720171999994766202e-06,2.999943120619007253,0.0096485331774692779244,0.099999999999990457633,0.99999999871850586697,0.086836798540611673247,0.38043133068051510071,0.10000000000205021278,154,154,-0.20485359430313110352,0,0
1.3720171999989203313e-06,2.999943122966989062,0.0096485332017974562852,0.099999999999980326848,1.0000000012814602712,0.086836798872833423357,0.38043133194538231168,0.09999999999789857541,155,155,-0.20468245446681976318,0,0
1.3720171999994795848e-06,2.999943120618250525,0.0096485331774738575944,0.099999999999990513144,0.99999999871854561295,0.086836798540616391695,0.38043133068051698809,0.10000000000209370576,156,156,-0.20451131463050842285,0,0
1.3720171999989116493e-06,2.9999431229677302468,0.0096485332017929407999,0.099999999999980174192,1.0000000012814243,0.086836798872828538376,0.3804313319453804243,0.099999999997855373857,157,157,-0.20434017479419708252,0,0
1.3720171999994823377e-06,2.9999431206174906883,0.0096485331774784372644,0.099999999999990568655,0.99999999871857958578,0.086836798540620957487,0.38043133068051743217,0.10000000000213778162,158,158,-0.20416903495788574219,0,0
1.3720171999989023319e-06,2.9999431229685136202,0.0096485332017881390854,0.099999999999980007659,1.0000000012813767825,0.086836798872823139916,0.38043133194537614994,0.099999999997810368191,159,159,-0.20399789512157440186,0,0
1.3720171999994850906e-06,2.9999431206167406216,0.009648533177482905912,0.099999999999990624167,0.9999999987186011241,0.086836798540625009801,0.38043133068051454559,0.10000000000218194074,160,160,-0.20382675528526306152,0,0
1.3720171999988938616e-06,2.999943122969304099,0.0096485332017833842083,0.099999999999979841125,1.0000000012813416994,0.086836798872818449224,0.38043133194537587238,0.099999999997764585369,161,161,-0.20365561544895172119,0,0
1.372017199999489961e-06,2.9999431206159345997,0.0096485331774877527294,0.099999999999990707433,0.99999999871863709533,0.086836798540629728249,0.38043133068051465662,0.10000000000222857011,162,162,-0.20348447561264038086,0,0
1.3720171999988866618e-06,2.9999431229700612711,0.0096485332017787767828,0.099999999999979716225,1.0000000012813095029,0.086836798872813550365,0.38043133194537503972,0.099999999997720065426,163,163,-0.20331333577632904053,0,0
1.3720171999994933491e-06,2.9999431206151476736,0.0096485331774924989329,0.099999999999990762944,0.99999999871867084611,0.086836798540634474453,0.38043133068051487866,0.10000000000227438068,164,164,-0.2031421959400177002,0,0
1.3720171999988760739e-06,2.9999431229708317659,0.0096485332017740947641,0.099999999999979521936,1.0000000012812793049,0.086836798872808554361,0.38043133194537465114,0.099999999997674560159,165,165,-0.20297105610370635986,0,0
1.3720171999994922903e-06,2.9999431206143376549,0.0096485331774973943225,0.099999999999990749067,0.99999999871870426382,0.086836798540639442701,0.38043133068051498968,0.10000000000232178721,166,166,-0.20279991626739501953,0,0
1.3720171999988591332e-06,2.999943122971703513,0.0096485332017687743672,0.099999999999979216625,1.0000000012812275685,0.086836798872802739568,0.3804313319453704878,0.099999999997624572368,167,167,-0.20262879133224487305,0,0
1.3720171999994874199e-06,2.9999431206134858918,0.0096485331775027043111,0.0999999999999906658,0.99999999871876543711,0.086836798540646145672,0.38043133068052331636,0.10000000000237069253,168,168,-0.20245765149593353271,0,0
1.3720171999988407102e-06,2.9999431229725668224,0.0096485332017636395857,0.09999999999997886968,1.0000000012812018113,0.086836798872798187654,0.38043133194537387398,0.09999999999757393232,169,169,-0.20228651165962219238,0,0
1.3720171999994825495e-06,2.9999431206126501159,0.0096485331775077280703,0.099999999999990568655,0.99999999871879408087,0.086836798540651002898,0.38043133068052170653,0.10000000000241990317,170,170,-0.20211537182331085205,0,0
1.3720171999988229226e-06,2.9999431229734523363,0.0096485332017582185749,0.099999999999978550491,1.0000000012811487426,0.086836798872792123061,0.38043133194536921105,0.09999999999752305635,171,171,-0.20194423198699951172,0,0
1.3720171999994793731e-06,2.9999431206117832538,0.0096485331775129183629,0.099999999999990513144,0.99999999871882372382,0.086836798540655929513,0.38043133068051981915,0.10000000000247072363,172,172,-0.20177309215068817139,0,0
1.3720171999988072524e-06,2.9999431229743254157,0.009648533201752991853,0.099999999999978272935,1.0000000012811181005,0.086836798872787182568,0.3804313319453709874,0.099999999997471944457,173,173,-0.20160195231437683105,0,0
1.3720171999994789496e-06,2.9999431206109137271,0.0096485331775182110042,0.099999999999990513144,0.99999999871886291469,0.08683679854066159165,0.38043133068052131796,0.10000000000252166898,174,174,-0.20143081247806549072,0,0
1.3720171999987947587e-06,2.9999431229752366868,0.0096485332017475326782,0.099999999999978037013,1.0000000012810827954,0.086836798872782006153,0.38043133194537220865,0.099999999997418903552,175,175,-0.20125967264175415039,0,0
1.3720171999994827612e-06,2.9999431206100033442,0.0096485331775237066082,0.099999999999990568655,0.99999999871890232761,0.086836798540667156643,0.38043133068052176204,0.10000000000257468213,176,176,-0.20108853280544281006,0,0
1.3720171999987865001e-06,2.9999431229761137629,0.0096485332017422504453,0.099999999999977884357,1.0000000012810521532,0.086836798872776774227,0.38043133194537342989,0.099999999997367222671,177,177,-0.20091739296913146973,0,0
1.372017199999489114e-06,2.9999431206090747537,0.009648533177529247315,0.099999999999990693555,0.99999999871893119341,0.08683679854067219428,0.38043133068051865342,0.10000000000262922184,178,178,-0.20074625313282012939,0,0
1.3720171999987773945e-06,2.9999431229770729956,0.0096485332017363940188,0.099999999999977717824,1.0000000012809979744,0.086836798872770376567,0.38043133194536943309,0.099999999997311933564,179,179,-0.20057511329650878906,0,0
1.3720171999994939844e-06,2.9999431206081426105,0.0096485331775348261857,0.099999999999990776822,0.99999999871896227965,0.086836798540677453961,0.38043133068051637746,0.10000000000268394196,180,180,-0.20040397346019744873,0,0
1.3720171999987676537e-06,2.9999431229780233465,0.0096485332017306659619,0.09999999999997755129,1.0000000012809600047,0.086836798872764658919,0.38043133194536971065,0.099999999997256366902,181,181,-0.2002328336238861084,0,0
1.3720171999994990666e-06,2.9999431206071709433,0.0096485331775406548566,0.099999999999990873967,0.99999999871899980519,0.086836798540683060588,0.38043133068051526724,0.10000000000274059109,182,182,-0.20006169378757476807,0,0
1.3720171999987574893e-06,2.9999431229790007869,0.0096485332017247731062,0.099999999999977357001,1.0000000012809202588,0.086836798872758788614,0.3804313319453699882,0.099999999997199273682,183,183,-0.19989055395126342773,0,0
1.3720171999995037253e-06,2.9999431206061966115,0.009648533177546530365,0.099999999999990957233,0.99999999871904110549,0.086836798540688903136,0.38043133068051532275,0.10000000000279736512,184,184,-0.1997194141149520874,0,0
1.3720171999987471131e-06,2.9999431229799844445,0.0096485332017188611686,0.09999999999997717659,1.0000000012808838434,0.08683679887275304321,0.38043133194537126496,0.09999999999714163923,185,185,-0.19954827427864074707,0,0
1.3720171999995094428e-06,2.9999431206051849763,0.0096485331775526175097,0.099999999999991068256,0.99999999871908507032,0.086836798540694884463,0.38043133068051543377,0.10000000000285605428,186,186,-0.19937713444232940674,0,0
1.3720171999987367369e-06,2.999943122980982313,0.0096485332017128295351,0.099999999999976982301,1.000000001280841877,0.086836798872746909228,0.38043133194537093189,0.099999999997083324765,187,187,-0.19920599460601806641,0,0
1.3720171999995141014e-06,2.9999431206041733411,0.0096485331775586959807,0.099999999999991151522,0.99999999871912126359,0.086836798540700768645,0.38043133068051382395,0.10000000000291543734,188,188,-0.19903485476970672607,0,0
1.3720171999987246667e-06,2.9999431229820272549,0.0096485332017065290194,0.099999999999976760257,1.0000000012807981342,0.086836798872740594835,0.38043133194537087638,0.099999999997022401277,189,189,-0.19886372983455657959,0,0
1.3720171999995177013e-06,2.9999431206031221819,0.0096485331775649878228,0.099999999999991207034,0.99999999871915878913,0.08683679854070669446,0.38043133068051171453,0.10000000000297688818,190,190,-0.19869258999824523926,0,0
1.3720171999987109024e-06,2.999943122983093069,0.0096485332017001070731,0.099999999999976510456,1.0000000012807539473,0.086836798872734211052,0.3804313319453709874,0.099999999996960256543,191,191,-0.19852145016193389893,0,0
1.3720171999995196072e-06,2.9999431206020408247,0.009648533177571529465,0.099999999999991248667,0.99999999871920786099,0.086836798540713355798,0.38043133068051276924,0.10000000000303976844,192,192,-0.19835031032562255859,0,0
1.3720171999986950206e-06,2.9999431229841890811,0.00964853320169353941,0.099999999999976219023,1.0000000012807104266,0.086836798872727966048,0.38043133194537220865,0.099999999996896543619,193,193,-0.19817917048931121826,0,0
1.3720171999995202424e-06,2.9999431206009714579,0.0096485331775779687585,0.099999999999991262545,0.99999999871925060457,0.086836798540719781214,0.38043133068051238066,0.10000000000310224624,194,194,-0.19800803065299987793,0,0
1.372017199998678927e-06,2.9999431229852859815,0.0096485332016869145011,0.099999999999975927589,1.0000000012806646854,0.086836798872721318587,0.38043133194537215314,0.099999999996832455995,195,195,-0.1978368908166885376,0,0
1.372017199999521513e-06,2.999943120599862123,0.0096485331775846751995,0.0999999999999912903,0.99999999871929634576,0.086836798540726595208,0.38043133068051254719,0.10000000000316716653,196,196,-0.19766575098037719727,0,0
1.3720171999986632568e-06,2.9999431229864281789,0.0096485332016800953031,0.099999999999975650034,1.0000000012806218308,0.086836798872715018072,0.38043133194537431807,0.099999999996766064658,197,197,-0.19749461114406585693,0,0
1.3720171999995244776e-06,2.9999431205987123761,0.0096485331775916054198,0.099999999999991331934,0.99999999871934663886,0.086836798540733492469,0.38043133068051293577,0.1000000000032339742,198,198,-0.1973234713077545166,0,0
1.3720171999986486455e-06,2.9999431229875823668,0.0096485332016730002841,0.099999999999975372478,1.0000000012805536631,0.086836798872706857932,0.38043133194536787878,0.099999999996699354132,199,199,-0.19715233147144317627,0,0
1.3720171999995278657e-06,2.9999431205975706227,0.009648533177598461047,0.099999999999991401323,0.99999999871938727303,0.086836798540740112173,0.38043133068051104839,0.10000000000330096228,200,200,-0.19698119163513183594,0,0
1.372017199998634246e-06,2.9999431229887791872,0.0096485332016656814857,0.0999999999999751088,1.0000000012804866056,0.086836798872698739427,0.38043133194536266073,0.099999999996630201116,201,201,-0.19681005179882049561,0,0
1.3720171999995331597e-06,2.9999431205963800195,0.009648533177605668823,0.099999999999991498467,0.99999999871944067475,0.086836798540747522912,0.38043133068051226964,0.10000000000337032346,202,202,-0.19663891196250915527,0,0
1.3720171999986223875e-06,2.9999431229899578,0.009648533201658584732,0.099999999999974900633,1.0000000012804421967,0.086836798872691731144,0.38043133194536377095,0.099999999996561089732,203,203,-0.19646777212619781494,0,0
1.3720171999995409947e-06,2.9999431205951765378,0.0096485331776129494574,0.099999999999991637245,0.99999999871949307728,0.086836798540755016917,0.38043133068051321333,0.10000000000344055895,204,204,-0.19629663228988647461,0,0
1.3720171999986117996e-06,2.9999431229911857066,0.0096485332016511930753,0.099999999999974706344,1.0000000012803902383,0.086836798872684431427,0.38043133194536382646,0.099999999996489674636,205,205,-0.19612549245357513428,0,0
1.3720171999995501003e-06,2.9999431205939548484,0.0096485331776202769294,0.099999999999991803779,0.99999999871953582087,0.0868367985407620252,0.38043133068051088186,0.10000000000351220997,206,206,-0.19595435261726379395,0,0
1.372017199998602694e-06,2.9999431229924136133,0.0096485332016437910102,0.09999999999997453981,1.0000000012803400562,0.086836798872677034566,0.38043133194536404851,0.099999999996417981984,207,207,-0.19578321278095245361,0,0
1.3720171999995604765e-06,2.9999431205926896382,0.0096485331776279461419,0.099999999999991998068,0.99999999871959532882,0.086836798540769991051,0.38043133068051288026,0.10000000000358576224,208,208,-0.19561207294464111328,0,0
1.3720171999985933766e-06,2.999943122993706357,0.0096485332016359743462,0.099999999999974373277,1.0000000012802860994,0.086836798872669068716,0.38043133194536365993,0.099999999996342361919,209,209,-0.19544093310832977295,0,0
1.3720171999995725467e-06,2.9999431205913786869,0.0096485331776358478073,0.099999999999992206234,0.99999999871965283837,0.086836798540777859756,0.38043133068051337986,0.10000000000366189579,210,210,-0.19526979327201843262,0,0
1.3720171999985851181e-06,2.9999431229949968802,0.009648533201628202785,0.099999999999974220621,1.0000000012802325866,0.086836798872661380422,0.38043133194536388197,0.099999999996267158187,211,211,-0.19509865343570709229,0,0
1.3720171999995837699e-06,2.9999431205900823905,0.0096485331776437494727,0.099999999999992414401,0.99999999871971256837,0.086836798540786450107,0.38043133068051615542,0.10000000000373780729,212,212,-0.1949275285005569458,0,0
1.3720171999985760124e-06,2.999943122996299838,0.0096485332016204398975,0.099999999999974054088,1.0000000012801952831,0.086836798872654372139,0.380431331945368989,0.099999999996190427898,213,213,-0.19475638866424560547,0,0
1.3720171999995945696e-06,2.9999431205887403529,0.0096485331776518350189,0.09999999999999260869,0.99999999871976164023,0.086836798540794471468,0.38043133068051465662,0.10000000000381670251,214,214,-0.19458524882793426514,0,0
1.3720171999985635187e-06,2.9999431229976529778,0.0096485332016123994542,0.099999999999973832043,1.0000000012801555371,0.086836798872647308345,0.38043133194537454012,0.099999999996111074707,215,215,-0.1944141089916229248,0,0
1.3720171999996015576e-06,2.9999431205873934303,0.0096485331776599309733,0.09999999999999273359,0.99999999871981148925,0.086836798540802326296,0.38043133068051288026,0.10000000000389563937,216,216,-0.19424296915531158447,0,0
1.3720171999985482721e-06,2.9999431229990207726,0.0096485332016040554343,0.099999999999973554488,1.000000001280085371,0.086836798872638176761,0.38043133194537009922,0.099999999996031610494,217,217,-0.19407182931900024414,0,0
1.3720171999996062163e-06,2.9999431205860163097,0.0096485331776681275417,0.099999999999992830735,0.99999999871984879274,0.086836798540809709279,0.38043133068050705159,0.10000000000397685218,218,218,-0.19390068948268890381,0,0
1.3720171999985296374e-06,2.9999431230004756088,0.0096485332015952846724,0.099999999999973207543,1.0000000012800198679,0.086836798872629419876,0.38043133194536921105,0.0999999999959472613,219,219,-0.19372954964637756348,0,0
1.3720171999996098162e-06,2.9999431205845921156,0.0096485331776767681994,0.099999999999992886246,0.99999999871991507305,0.086836798540818715963,0.38043133068050927204,0.10000000000405978584,220,220,-0.19355840981006622314,0,0
1.3720171999985116379e-06,2.999943123001895362,0.0096485332015867533023,0.099999999999972888354,1.0000000012799694638,0.086836798872621176471,0.38043133194537159802,0.099999999995863869673,221,221,-0.19338726997375488281,0,0
1.3720171999996146866e-06,2.9999431205831337266,0.0096485331776856690655,0.09999999999999298339,0.99999999871999256662,0.086836798540828485926,0.38043133068051460111,0.10000000000414428769,222,222,-0.19321613013744354248,0,0
1.3720171999984938503e-06,2.9999431230033621887,0.0096485332015779183557,0.099999999999972555287,1.0000000012799117322,0.086836798872612419586,0.38043133194537243069,0.099999999995778091066,223,223,-0.19304499030113220215,0,0
1.3720171999996201923e-06,2.9999431205816442514,0.0096485331776946896276,0.099999999999993080535,0.99999999872005884693,0.0868367985408378118,0.38043133068051615542,0.10000000000423114876,224,224,-0.19287385046482086182,0,0
1.3720171999984754273e-06,2.9999431230048703156,0.0096485332015687312601,0.09999999999997222222,1.0000000012798360149,0.086836798872602496968,0.38043133194536815633,0.099999999995690438959,225,225,-0.19270271062850952148,0,0
1.3720171999996246392e-06,2.9999431205801472267,0.0096485331777036460049,0.099999999999993163802,0.99999999872010636448,0.086836798540846193983,0.38043133068051193657,0.10000000000431923108,226,226,-0.19253157079219818115,0,0
1.3720171999984561573e-06,2.999943123006395318,0.0096485332015594973271,0.099999999999971875275,1.0000000012797691795,0.08683679887259294905,0.38043133194536676855,0.099999999995601426828,227,227,-0.19236043095588684082,0,0
1.3720171999996286626e-06,2.9999431205785871413,0.0096485331777130638187,0.099999999999993233191,0.99999999872017597546,0.08683679854085568639,0.38043133068051299128,0.10000000000440986692,228,228,-0.19218929111957550049,0,0
1.3720171999984351932e-06,2.9999431230080029209,0.009648533201549774202,0.099999999999971486697,1.0000000012796907978,0.086836798872582998676,0.38043133194536404851,0.099999999995508487283,229,229,-0.19201815128326416016,0,0
1.3720171999996328978e-06,2.9999431205769999664,0.0096485331777226308186,0.099999999999993316457,0.99999999872024403214,0.086836798540865206553,0.38043133068051321333,0.10000000000450220972,230,230,-0.19184701144695281982,0,0
1.3720171999984152879e-06,2.9999431230096198497,0.0096485332015400684241,0.099999999999971125875,1.0000000012796281812,0.086836798872573686681,0.38043133194536593589,0.099999999995414146081,231,231,-0.19167587161064147949,0,0
1.3720171999996396741e-06,2.9999431205753510632,0.0096485331777325395591,0.099999999999993441357,0.99999999872031508641,0.086836798540874837737,0.38043133068051299128,0.10000000000459779992,232,232,-0.19150473177433013916,0,0
1.3720171999983966532e-06,2.9999431230112518776,0.0096485332015302620323,0.09999999999997077893,1.0000000012795622339,0.086836798872564138763,0.38043133194536693509,0.099999999995319097112,233,233,-0.19133359193801879883,0,0
1.3720171999996458151e-06,2.999943120573712374,0.0096485331777423823801,0.09999999999999355238,0.99999999872037748094,0.086836798540884371778,0.3804313306805111039,0.10000000000469358441,234,234,-0.1911624521017074585,0,0
1.3720171999983771715e-06,2.9999431230129434134,0.0096485332015201399208,0.099999999999970431985,1.0000000012794996174,0.086836798872554660234,0.38043133194537004371,0.099999999995220467675,235,235,-0.19099132716655731201,0,0
1.3720171999996542854e-06,2.9999431205720274995,0.0096485331777525322472,0.099999999999993705035,0.99999999872044753602,0.086836798540894433174,0.38043133068051088186,0.10000000000479178364,236,236,-0.19082018733024597168,0,0
1.3720171999983610778e-06,2.999943123014648716,0.0096485332015098530106,0.099999999999970140552,1.0000000012794258986,0.086836798872544349037,0.3804313319453694886,0.099999999995121213736,237,237,-0.19064904749393463135,0,0
1.3720171999996669909e-06,2.9999431205703293024,0.0096485331777628018102,0.09999999999999392708,0.99999999872051992256,0.086836798540904924781,0.38043133068051171453,0.10000000000489096819,238,238,-0.19047790765762329102,0,0
1.3720171999983496429e-06,2.9999431230163566831,0.0096485332014995452837,0.099999999999969932385,1.0000000012793557325,0.086836798872533996208,0.38043133194536954411,0.099999999995021404686,239,239,-0.19030676782131195068,0,0
1.3720171999996843551e-06,2.9999431205685689328,0.0096485331777734321956,0.099999999999994246269,0.99999999872059774919,0.086836798540915666189,0.38043133068051282475,0.1000000000049933585,240,240,-0.19013562798500061035,0,0
1.3720171999983405373e-06,2.9999431230181183849,0.009648533201488897551,0.099999999999969765851,1.0000000012792815696,0.0868367988725231299,0.38043133194536887798,0.099999999994918459256,241,241,-0.18996448814868927002,0,0
1.3720171999997029898e-06,2.9999431205667672629,0.009648533177784182277,0.099999999999994593214,0.9999999987206600327,0.086836798540925463907,0.38043133068050805079,0.10000000000509855214,242,242,-0.18979334831237792969,0,0
1.3720171999983301611e-06,2.9999431230199191667,0.0096485332014779792015,0.099999999999969571562,1.0000000012791967485,0.086836798872511722358,0.38043133194536576935,0.099999999994813779103,243,243,-0.18962220847606658936,0,0
1.3720171999997199304e-06,2.9999431205649713661,0.0096485331777950173598,0.099999999999994898525,0.99999999872073142004,0.086836798540936357971,0.38043133068050755119,0.10000000000520371801,244,244,-0.18945106863975524902,0,0
1.3720171999983189379e-06,2.9999431230217652455,0.009648533201466840542,0.099999999999969363396,1.000000001279119255,0.086836798872500578494,0.38043133194536565833,0.099999999994706087469,245,245,-0.18927992880344390869,0,0
1.3720171999997381417e-06,2.9999431205630981978,0.0096485331778063312264,0.099999999999995231592,0.9999999987208103569,0.086836798540947807146,0.38043133068050805079,0.10000000000531307498,246,246,-0.18910878896713256836,0,0
1.3720171999983081383e-06,2.9999431230236428547,0.0096485332014554971852,0.099999999999969169107,1.0000000012790375425,0.086836798872489046053,0.38043133194536454811,0.099999999994596688868,247,247,-0.18893764913082122803,0,0
1.3720171999997561411e-06,2.9999431205611837292,0.0096485331778180076501,0.099999999999995564659,0.99999999872090838959,0.086836798540960546955,0.38043133068051415702,0.10000000000542430545,248,248,-0.1887665092945098877,0,0
1.372017199998295221e-06,2.999943123025560876,0.0096485332014439335185,0.099999999999968933184,1.0000000012789596049,0.086836798872477527489,0.38043133194536504771,0.099999999994484639609,249,249,-0.18859536945819854736,0,0
1.3720171999997724465e-06,2.9999431205592439476,0.0096485331778297482586,0.099999999999995856093,0.9999999987209975405,0.08683679854097262063,0.380431330680516544,0.10000000000553706248,250,250,-0.18842422962188720703,0,0
1.3720171999982806097e-06,2.9999431230275086513,0.0096485332014321373989,0.099999999999968669506,1.0000000012788765602,0.086836798872465342791,0.38043133194536371544,0.099999999994370689094,251,251,-0.1882530897855758667,0,0
1.3720171999997876931e-06,2.9999431205572513193,0.0096485331778417941784,0.099999999999996133648,0.99999999872108635834,0.08683679854098491635,0.38043133068051826484,0.10000000000565302527,252,252,-0.18808194994926452637,0,0
1.3720171999982632455e-06,2.9999431230295270367,0.0096485332014199527012,0.099999999999968350317,1.0000000012787872983,0.086836798872453060949,0.3804313319453624942,0.099999999994253324642,253,253,-0.18791081011295318604,0,0
1.3720171999998008221e-06,2.9999431205552382629,0.0096485331778540066316,0.099999999999996369571,0.99999999872117684152,0.086836798540997697793,0.38043133068052092938,0.10000000000577055626,254,254,-0.1877396702766418457,0,0
1.3720171999982448226e-06,2.9999431230315622976,0.0096485332014076569812,0.09999999999996801725,1.0000000012787004788,0.086836798872440584818,0.38043133194536166153,0.099999999994134572412,255,255,-0.18756853044033050537,0,0
1.3720171999998139511e-06,2.9999431205531745803,0.0096485331778664411295,0.099999999999996605493,0.99999999872126077438,0.086836798541010049024,0.38043133068052031875,0.10000000000589104321,256,256,-0.18739739060401916504,0,0
1.3720171999982249173e-06,2.9999431230336761622,0.0096485332013948894164,0.099999999999967656428,1.0000000012786085524,0.086836798872427636842,0.38043133194536049579,0.099999999994011434801,257,257,-0.18722626566886901855,0,0
1.3720171999998270801e-06,2.9999431205510420639,0.0096485331778792364499,0.099999999999996855293,0.99999999872134315293,0.086836798541022316988,0.38043133068051782075,0.10000000000601541594,258,258,-0.18705512583255767822,0,0
1.3720171999982048003e-06,2.9999431230358468703,0.0096485332013818252139,0.099999999999967295605,1.0000000012785157377,0.086836798872414827644,0.38043133194536066233,0.099999999993885313465,259,259,-0.18688398599624633789,0,0
1.3720171999998410562e-06,2.999943120548877129,0.0096485331778922538148,0.099999999999997105093,0.99999999872142797397,0.086836798541035015164,0.38043133068051598888,0.10000000000614184259,260,260,-0.18671284615993499756,0,0
1.3720171999981855303e-06,2.9999431230380033675,0.0096485332013688911157,0.099999999999966934783,1.0000000012784346914,0.086836798872402448657,0.38043133194536371544,0.099999999993759372541,261,261,-0.18654170632362365723,0,0
1.3720171999998554557e-06,2.9999431205466819961,0.0096485331779055487356,0.099999999999997368771,0.9999999987215256736,0.086836798541048768052,0.38043133068051832035,0.10000000000626986518,262,262,-0.18637056648731231689,0,0
1.3720171999981645662e-06,2.9999431230402398008,0.0096485332013554764991,0.099999999999966560082,1.0000000012783465397,0.086836798872389583948,0.38043133194536604691,0.099999999993629157258,263,263,-0.18619942665100097656,0,0
1.37201719999986922e-06,2.999943120544456221,0.0096485331779190015161,0.099999999999997618572,0.99999999872162170789,0.086836798541062451551,0.38043133068051948609,0.10000000000639969189,264,264,-0.18602828681468963623,0,0
1.3720171999981444492e-06,2.9999431230425104289,0.0096485332013417825919,0.099999999999966185382,1.0000000012782508385,0.086836798872375914327,0.38043133194536588038,0.099999999993496790918,265,265,-0.1858571469783782959,0,0
1.3720171999998861607e-06,2.9999431205421842606,0.009648533177932646851,0.099999999999997923883,0.99999999872170730608,0.086836798541075635449,0.38043133068051659951,0.10000000000653255783,266,266,-0.18568600714206695557,0,0
1.3720171999981277203e-06,2.9999431230447868302,0.0096485332013281095015,0.099999999999965880071,1.0000000012781693481,0.086836798872362674917,0.3804313319453694886,0.099999999993363231088,267,267,-0.18551486730575561523,0,0
1.372017199999906913e-06,2.9999431205398430222,0.0096485331779466824986,0.099999999999998298583,0.99999999872179134996,0.086836798541088999759,0.38043133068051238066,0.10000000000666961486,268,268,-0.1853437274694442749,0,0
1.3720171999981116266e-06,2.9999431230471560461,0.0096485332013138882384,0.099999999999965588637,1.0000000012780798642,0.08683679887234897754,0.38043133194537254171,0.099999999993224800154,269,269,-0.18517258763313293457,0,0
1.372017199999927877e-06,2.9999431205374480491,0.0096485331779611240716,0.099999999999998687161,0.9999999987218926023,0.086836798541103432658,0.38043133068051265822,0.10000000000680916989,270,270,-0.18500144779682159424,0,0
1.3720171999980957448e-06,2.9999431230495630096,0.0096485332012993547252,0.099999999999965297204,1.0000000012779775016,0.086836798872334308719,0.38043133194537182007,0.099999999993084384697,271,271,-0.18483030796051025391,0,0
1.3720171999999492646e-06,2.9999431205349984531,0.0096485331779758622822,0.099999999999999075739,0.99999999872198730433,0.086836798541117907191,0.3804313306805106043,0.10000000000695244418,272,272,-0.18465916812419891357,0,0
1.3720171999980777453e-06,2.9999431230520521297,0.0096485332012843753879,0.099999999999964978015,1.0000000012778738068,0.086836798872319598264,0.3804313319453724862,0.09999999999293951447,273,273,-0.18448802828788757324,0,0
1.3720171999999704404e-06,2.9999431205325182148,0.0096485331779908607014,0.099999999999999464317,0.9999999987220946629,0.086836798541133228269,0.38043133068051215862,0.10000000000709716175,274,274,-0.18431688845157623291,0,0
1.3720171999980605929e-06,2.999943123054552796,0.0096485332012692954368,0.099999999999964658826,1.0000000012777732206,0.086836798872304499231,0.38043133194537315234,0.09999999999279328422,275,275,-0.18414574861526489258,0,0
1.3720171999999926751e-06,2.99994312052996559,0.0096485331780062182083,0.099999999999999866773,0.99999999872219846875,0.086836798541148285668,0.38043133068051093737,0.10000000000724594551,276,276,-0.18397460877895355225,0,0
1.3720171999980423817e-06,2.9999431230571032003,0.0096485332012538997659,0.099999999999964325759,1.0000000012776670832,0.086836798872289011619,0.38043133194537293029,0.099999999992644320046,277,277,-0.18380346894264221191,0,0
1.3720172000000132156e-06,2.9999431205273774381,0.0096485331780219191905,0.10000000000000024147,0.99999999872231948306,0.086836798541164744725,0.38043133068051532275,0.10000000000739657502,278,278,-0.18363232910633087158,0,0
1.3720171999980212059e-06,2.9999431230597060072,0.0096485332012382178657,0.099999999999963951058,1.000000001277566497,0.086836798872273440741,0.38043133194537470665,0.099999999992491858669,279,279,-0.18346118927001953125,0,0
1.3720172000000322738e-06,2.9999431205247346632,0.0096485331780378595645,0.10000000000000058842,0.99999999872242895105,0.086836798541180718058,0.38043133068051526724,0.10000000000755084051,280,280,-0.18329006433486938477,0,0
1.3720171999979979125e-06,2.9999431230623976319,0.0096485332012219166692,0.099999999999963520847,1.0000000012774403757,0.086836798872256565351,0.38043133194537065433,0.099999999992335525389,281,281,-0.18311892449855804443,0,0
1.3720172000000500615e-06,2.9999431205220346008,0.0096485331780541885166,0.10000000000000090761,0.99999999872254408118,0.086836798541197413037,0.38043133068051665502,0.10000000000770856157,282,282,-0.1829477846622467041,0,0
1.3720171999979722897e-06,2.9999431230651474323,0.0096485332012053743461,0.099999999999963049002,1.0000000012773302416,0.086836798872240356095,0.38043133194537231967,0.099999999992175084285,283,283,-0.18277664482593536377,0,0
1.372017200000068061e-06,2.9999431205192714778,0.0096485331780708245147,0.10000000000000124067,0.99999999872265743495,0.08683679854121383046,0.38043133068051582235,0.10000000000786964105,284,284,-0.18260550498962402344,0,0
1.3720171999979477258e-06,2.9999431230679225457,0.0096485332011885995701,0.099999999999962604913,1.0000000012772098934,0.086836798872223286416,0.38043133194537065433,0.099999999992013255401,285,285,-0.18243436515331268311,0,0
1.3720172000000860604e-06,2.9999431205164617253,0.0096485331780877918451,0.10000000000000157374,0.99999999872277844926,0.086836798541230983406,0.38043133068051698809,0.10000000000803339895,286,286,-0.18226322531700134277,0,0
1.3720171999979214677e-06,2.9999431230707620522,0.00964853320117147438,0.099999999999962133068,1.0000000012770895452,0.086836798872206133471,0.38043133194537021025,0.099999999991847804415,287,287,-0.18209208548069000244,0,0
1.3720172000001040599e-06,2.9999431205136239953,0.0096485331781048979533,0.10000000000000189293,0.99999999872288836134,0.086836798541248039207,0.38043133068051526724,0.10000000000819971036,288,288,-0.18192094564437866211,0,0
1.3720171999978945744e-06,2.9999431230736730569,0.0096485332011539883673,0.099999999999961633468,1.0000000012769767466,0.086836798872189202569,0.38043133194537320785,0.099999999991677857025,289,289,-0.18174980580806732178,0,0
1.3720172000001239652e-06,2.9999431205106747989,0.0096485331781227274411,0.10000000000000226763,0.9999999987230195897,0.086836798541266205231,0.38043133068051770973,0.10000000000837136471,290,290,-0.18157866597175598145,0,0
1.3720171999978693752e-06,2.9999431230766417933,0.0096485332011360773474,0.099999999999961175501,1.0000000012768477387,0.086836798872171230834,0.38043133194537204211,0.0999999999915051202,291,291,-0.18140752613544464111,0,0
1.3720172000001453527e-06,2.9999431205076811935,0.0096485331781407963209,0.10000000000000265621,0.99999999872314637717,0.086836798541284385133,0.38043133068051837586,0.10000000000854596116,292,292,-0.18123638629913330078,0,0
1.3720171999978439642e-06,2.9999431230796513859,0.0096485332011179893857,0.099999999999960717534,1.0000000012767322755,0.086836798872153633799,0.38043133194537515074,0.099999999991329205362,293,293,-0.18106524646282196045,0,0
1.3720172000001669521e-06,2.9999431205046303006,0.0096485331781592346967,0.10000000000000304479,0.99999999872327771655,0.086836798541303175658,0.3804313306805200412,0.10000000000872392991,294,294,-0.18089410662651062012,0,0
1.3720171999978174944e-06,2.9999431230827244832,0.0096485332010994954988,0.099999999999960231811,1.0000000012766099289,0.086836798872135453897,0.38043133194537698261,0.099999999991149751688,295,295,-0.18072296679019927979,0,0
1.3720172000001879161e-06,2.9999431205015052448,0.009648533178178052977,0.10000000000000343336,0.99999999872340383789,0.086836798541321744138,0.38043133068051865342,0.10000000000890635343,296,296,-0.18055182695388793945,0,0
1.3720171999977882718e-06,2.9999431230859077147,0.0096485332010802886404,0.099999999999959704455,1.0000000012764718171,0.086836798872116163772,0.38043133194537576136,0.099999999990964510976,297,297,-0.18038068711757659912,0,0
1.3720172000002082449e-06,2.9999431204983380006,0.009648533178197148813,0.10000000000000379419,0.99999999872353340091,0.086836798541340798341,0.38043133068051809831,0.10000000000909131659,298,298,-0.18020954728126525879,0,0
1.372017199997760108e-06,2.9999431230891371314,0.0096485332010608510639,0.099999999999959190977,1.000000001276341921,0.086836798872097040181,0.3804313319453774267,0.09999999999077603674,299,299,-0.18003840744495391846,0,0
1.3720172000002328089e-06,2.999943120495079274,0.0096485331782168084341,0.10000000000000423828,0.99999999872367240084,0.086836798541360532555,0.38043133068051887546,0.1000000000092811786,300,300,-0.17986726760864257812,0,0
1.3720171999977357558e-06,2.9999431230923949698,0.0096485332010411446052,0.099999999999958746888,1.0000000012761998125,0.086836798872076847999,0.38043133194537503972,0.099999999990586008192,301,301,-0.17969612777233123779,0,0
1.3720172000002597022e-06,2.9999431204917583749,0.0096485331782368115305,0.10000000000000473788,0.99999999872380473942,0.086836798541380322281,0.38043133068051721013,0.10000000000947525947,302,302,-0.17952500283718109131,0,0
1.3720171999977099213e-06,2.9999431230957469552,0.0096485332010209385462,0.099999999999958275043,1.0000000012760645873,0.086836798872056739085,0.38043133194537609443,0.099999999990390109339,303,303,-0.17935386300086975098,0,0
1.3720172000002859602e-06,2.9999431204883681978,0.0096485331782573229009,0.10000000000000520972,0.99999999872395373135,0.086836798541401361007,0.38043133068051998569,0.10000000000967294855,304,304,-0.17918272316455841064,0,0
1.3720171999976826044e-06,2.9999431230991651098,0.0096485332010003525827,0.099999999999957775443,1.0000000012759298063,0.086836798872036352615,0.38043133194537803732,0.099999999990190227561,305,305,-0.17901158332824707031,0,0
1.3720172000003117947e-06,2.9999431204849238419,0.0096485331782780649895,0.10000000000000568157,0.99999999872409195412,0.086836798541421886255,0.38043133068051843138,0.10000000000987409321,306,306,-0.17884044349193572998,0,0
1.3720171999976544406e-06,2.9999431231026645328,0.0096485332009791664049,0.099999999999957261965,1.0000000012757719325,0.086836798872014522854,0.38043133194537415154,0.099999999989986446125,307,307,-0.17866930365562438965,0,0
1.3720172000003391115e-06,2.9999431204814039909,0.0096485331782992893312,0.10000000000000618117,0.99999999872423517289,0.086836798541443091515,0.38043133068051770973,0.10000000001007974815,308,308,-0.17849816381931304932,0,0
1.372017199997626912e-06,2.99994312310624478,0.0096485332009575534851,0.099999999999956762364,1.0000000012756184997,0.086836798871992734727,0.38043133194537293029,0.09999999998977776583,309,309,-0.17832702398300170898,0,0
1.3720172000003687577e-06,2.9999431204777948778,0.0096485331783210687845,0.1000000000000067224,0.99999999872438816162,0.086836798541464949031,0.38043133068051843138,0.10000000001029017704,310,310,-0.17815588414669036865,0,0
1.3720171999976010775e-06,2.999943123109848564,0.0096485332009358017874,0.09999999999995629052,1.000000001275470396,0.086836798871970849456,0.3804313319453729858,0.099999999989567142644,311,311,-0.17798474431037902832,0,0
1.3720172000003990391e-06,2.999943120474116931,0.0096485331783432177338,0.10000000000000727751,0.99999999872453548821,0.086836798541486875935,0.38043133068051676604,0.1000000000105050052,312,312,-0.17781360447406768799,0,0
1.3720171999975727019e-06,2.9999431231135531561,0.0096485332009135244685,0.099999999999955777041,1.0000000012753287315,0.086836798871949033574,0.38043133194537653852,0.09999999998935042711,313,313,-0.17764246463775634766,0,0
1.3720172000004278382e-06,2.9999431204703506104,0.0096485331783659391419,0.10000000000000779099,0.99999999872469302886,0.086836798541509635507,0.38043133068051693257,0.10000000001072474609,314,314,-0.17747132480144500732,0,0
1.3720171999975403029e-06,2.9999431231173834256,0.009648533200890504688,0.099999999999955180296,1.0000000012751746326,0.086836798871926690335,0.38043133194537925856,0.099999999989127244526,315,315,-0.17730018496513366699,0,0
1.372017200000454308e-06,2.9999431204665212292,0.0096485331783890595364,0.10000000000000827671,0.99999999872485734187,0.086836798541532991824,0.38043133068051843138,0.10000000001094792867,316,316,-0.17712904512882232666,0,0
1.3720171999975079039e-06,2.999943123121268318,0.0096485332008670147974,0.099999999999954597429,1.0000000012750052125,0.086836798871902681762,0.38043133194537653852,0.099999999988900731274,317,317,-0.17695790529251098633,0,0
1.3720172000004839542e-06,2.9999431204626061387,0.0096485331784125598353,0.10000000000000881795,0.99999999872500666687,0.086836798541555612618,0.38043133068051365742,0.10000000001117656523,318,318,-0.176786765456199646,0,0
1.3720171999974769872e-06,2.999943123125230926,0.0096485332008429975509,0.09999999999995402844,1.0000000012748242462,0.086836798871877715622,0.38043133194537120945,0.099999999988669902029,319,319,-0.17661562561988830566,0,0
1.3720172000005157179e-06,2.9999431204585929045,0.0096485331784367626973,0.10000000000000940081,0.99999999872517586486,0.086836798541579829358,0.38043133068051404599,0.10000000001141048922,320,320,-0.17644448578357696533,0,0
1.3720171999974462823e-06,2.9999431231292739142,0.0096485332008186090735,0.099999999999953473329,1.0000000012746548261,0.086836798871853304593,0.38043133194537093189,0.099999999988434076781,321,321,-0.176273345947265625,0,0
1.3720172000005481169e-06,2.9999431204544957374,0.0096485331784615119971,0.10000000000000998368,0.99999999872535161316,0.086836798541604906521,0.38043133068051582235,0.10000000001164942309,322,322,-0.17610220611095428467,0,0
1.3720171999974136715e-06,2.9999431231334083847,0.0096485332007936932402,0.099999999999952876584,1.0000000012744827416,0.086836798871828477231,0.38043133194537120945,0.09999999998819306124,323,323,-0.17593106627464294434,0,0
1.3720172000005796689e-06,2.9999431204503279602,0.0096485331784866863042,0.10000000000001056655,0.9999999987255280276,0.086836798541630386139,0.38043133068051709911,0.10000000001189270071,324,324,-0.175759926438331604,0,0
1.3720171999973791549e-06,2.9999431231376219031,0.0096485332007684183192,0.099999999999952252083,1.0000000012743210931,0.086836798871804316002,0.38043133194537659403,0.099999999987947257862,325,325,-0.17558880150318145752,0,0
1.3720172000006105856e-06,2.9999431204460886846,0.0096485331785122856185,0.10000000000001112166,0.99999999872570766168,0.086836798541656268213,0.38043133068051837586,0.1000000000121400584,326,326,-0.17541766166687011719,0,0
1.372017199997344003e-06,2.9999431231419264599,0.0096485332007424391004,0.099999999999951599827,1.0000000012741374622,0.08683679887177817025,0.38043133194537537278,0.099999999987696375214,327,327,-0.17524652183055877686,0,0
1.3720172000006434081e-06,2.9999431204417423835,0.0096485331785384677999,0.1000000000000117184,0.99999999872588463123,0.086836798541682205799,0.38043133068051698809,0.10000000001239370273,328,328,-0.17507538199424743652,0,0
1.3720171999973086394e-06,2.9999431231462967418,0.0096485332007160713036,0.099999999999950961449,1.0000000012739529431,0.086836798871751691431,0.38043133194537465114,0.099999999987441537397,329,329,-0.17490424215793609619,0,0
1.3720172000006760189e-06,2.9999431204373210313,0.0096485331785651044789,0.10000000000001231515,0.99999999872606259999,0.086836798541708601351,0.38043133068051515622,0.10000000001265198224,330,330,-0.17473310232162475586,0,0
1.3720171999972711582e-06,2.9999431231508015827,0.0096485332006888708395,0.099999999999950281437,1.0000000012737573218,0.086836798871724241167,0.38043133194537254171,0.099999999987179191696,331,331,-0.17456196248531341553,0,0
1.3720172000007090532e-06,2.9999431204328206313,0.0096485331785921852471,0.10000000000001292577,0.99999999872623845931,0.08683679854173520507,0.38043133068051177004,0.10000000001291506346,332,332,-0.1743908226490020752,0,0
1.3720171999972349475e-06,2.9999431231553663757,0.0096485332006612904709,0.099999999999949615304,1.0000000012735594801,0.086836798871696235791,0.38043133194537004371,0.099999999986913126748,333,333,-0.17421968281269073486,0,0
1.3720172000007461109e-06,2.999943120428199439,0.0096485331786200796006,0.10000000000001359191,0.99999999872643541288,0.086836798541763321468,0.38043133068051315782,0.10000000001318448684,334,334,-0.17404854297637939453,0,0
1.3720171999972006427e-06,2.9999431231600111047,0.0096485332006333128507,0.099999999999948990803,1.0000000012733778476,0.086836798871668535726,0.3804313319453729858,0.099999999986641316396,335,335,-0.1738774031400680542,0,0
1.3720172000007846509e-06,2.999943120423435694,0.0096485331786488621325,0.10000000000001429967,0.99999999872664824263,0.086836798541792520334,0.38043133068051693257,0.10000000001346150136,336,336,-0.17370626330375671387,0,0
1.3720171999971633733e-06,2.9999431231647846197,0.0096485332006045303188,0.099999999999948310792,1.0000000012731786736,0.086836798871639794828,0.38043133194537304131,0.099999999986362927973,337,337,-0.17353512346744537354,0,0
1.3720172000008200145e-06,2.9999431204186257638,0.0096485331786779499758,0.10000000000001493805,0.99999999872686018421,0.086836798541822288189,0.38043133068052076284,0.10000000001374179104,338,338,-0.1733639836311340332,0,0
1.3720171999971222922e-06,2.999943123169679815,0.0096485332005749793044,0.099999999999947561391,1.000000001272966399,0.086836798871609999217,0.38043133194537082087,0.099999999986077878211,339,339,-0.17319284379482269287,0,0
1.3720172000008558016e-06,2.9999431204137003704,0.0096485331787077039528,0.10000000000001559031,0.99999999872707290294,0.086836798541852430744,0.38043133068052314982,0.10000000001402889471,340,340,-0.17302170395851135254,0,0
1.3720171999970812111e-06,2.9999431231746402915,0.0096485332005450310383,0.09999999999994681199,1.0000000012727519039,0.086836798871579773396,0.38043133194536865593,0.099999999985788942669,341,341,-0.17285056412220001221,0,0
1.372017200000891377e-06,2.9999431204086937086,0.0096485331787379748775,0.10000000000001624256,0.99999999872728995154,0.086836798541883350455,0.38043133068052636947,0.100000000014320925,342,342,-0.17267942428588867188,0,0
1.3720171999970373771e-06,2.9999431231796767072,0.0096485332005146109274,0.099999999999946020957,1.0000000012725391851,0.086836798871548978584,0.38043133194536721264,0.099999999985494927857,343,343,-0.17250828444957733154,0,0
1.3720172000009252583e-06,2.9999431204036115517,0.0096485331787685892774,0.10000000000001686706,0.99999999872748868146,0.086836798541913673422,0.38043133068052314982,0.10000000001461835375,344,344,-0.17233714461326599121,0,0
1.3720171999969899433e-06,2.9999431231848809887,0.009648533200483247127,0.099999999999945160534,1.0000000012723202492,0.086836798871517795195,0.38043133194536726815,0.099999999985191753704,345,345,-0.17216600477695465088,0,0
1.3720172000009591396e-06,2.9999431203983921712,0.0096485331788000641001,0.10000000000001747769,0.99999999872770495291,0.086836798541945148244,0.38043133068052292778,0.10000000001492292956,346,346,-0.17199486494064331055,0,0
1.3720171999969427212e-06,2.9999431231901501071,0.009648533200451541586,0.099999999999944300111,1.0000000012721115272,0.086836798871486667317,0.38043133194537076536,0.099999999984884027637,347,347,-0.17182374000549316406,0,0
1.3720172000009953503e-06,2.9999431203930537748,0.0096485331788322883234,0.10000000000001814382,0.99999999872793121636,0.086836798541977594512,0.38043133068052420453,0.10000000001523427773,348,348,-0.17165260016918182373,0,0
1.3720171999968959226e-06,2.9999431231955240307,0.0096485332004191039917,0.099999999999943439688,1.0000000012718857079,0.086836798871453985127,0.38043133194536976616,0.099999999984570431266,349,349,-0.1714814603328704834,0,0
1.3720172000010317727e-06,2.999943120387618567,0.0096485331788650225554,0.10000000000001879608,0.99999999872814837598,0.086836798542009985269,0.38043133068052159551,0.10000000001555184315,350,350,-0.17131032049655914307,0,0
1.3720171999968453124e-06,2.9999431232010334014,0.0096485332003858250566,0.099999999999942523754,1.000000001271647676,0.086836798871420289858,0.38043133194536715713,0.099999999984249299256,351,351,-0.17113918066024780273,0,0
1.3720172000010662893e-06,2.9999431203820559055,0.0096485331788985877199,0.10000000000001943445,0.99999999872838107873,0.08683679854204366666,0.3804313306805220396,0.10000000001587645848,352,352,-0.1709680408239364624,0,0
1.372017199996791314e-06,2.999943123206666229,0.0096485332003519181515,0.099999999999941538431,1.0000000012714189701,0.086836798871386886023,0.38043133194536954411,0.099999999983920756508,353,353,-0.17079690098762512207,0,0
1.3720172000010991118e-06,2.9999431203763911036,0.0096485331789327548335,0.1000000000000200312,0.99999999872861722316,0.086836798542077889285,0.38043133068052220613,0.100000000016206958,354,354,-0.17062576115131378174,0,0
1.3720171999967351981e-06,2.9999431232124424973,0.0096485332003170935777,0.099999999999940511475,1.000000001271174277,0.086836798871352136042,0.38043133194536893349,0.09999999998358430342,355,355,-0.17045462131500244141,0,0
1.3720172000011351107e-06,2.9999431203705917426,0.009648533178967662674,0.10000000000002068345,0.9999999987288493708,0.086836798542112264565,0.38043133068051909751,0.10000000001654553439,356,356,-0.17028348147869110107,0,0
1.3720171999966824703e-06,2.9999431232183062512,0.0096485332002818075675,0.099999999999939553907,1.0000000012709395758,0.086836798871317469328,0.38043133194537231967,0.099999999983242049417,357,357,-0.17011234164237976074,0,0
1.3720172000011768271e-06,2.9999431203646973465,0.0096485331790031342997,0.10000000000002144673,0.99999999872908162946,0.086836798542147125568,0.3804313306805150452,0.10000000001688993945,358,358,-0.16994120180606842041,0,0
1.3720171999966341894e-06,2.9999431232242343981,0.0096485332002461034889,0.099999999999938665729,1.0000000012707062069,0.086836798871282108725,0.38043133194537576136,0.099999999982895340644,359,359,-0.16977006196975708008,0,0
1.3720172000012223551e-06,2.9999431203586426342,0.0096485331790396606372,0.1000000000000222794,0.99999999872934053347,0.086836798542183776806,0.38043133068051659951,0.10000000001724261567,360,360,-0.16959892213344573975,0,0
1.3720171999965844262e-06,2.9999431232303432893,0.0096485332002092631665,0.099999999999937763673,1.0000000012704504115,0.086836798871245277076,0.38043133194537553932,0.099999999982539097831,361,361,-0.16942778229713439941,0,0
1.3720172000012680949e-06,2.9999431203524782319,0.009648533179076806271,0.10000000000002311207,0.99999999872959388636,0.086836798542220650088,0.38043133068051526724,0.10000000001760227242,362,362,-0.16925664246082305908,0,0
1.3720171999965333925e-06,2.9999431232365840749,0.009648533200171607524,0.099999999999936833861,1.0000000012701819596,0.086836798871207460104,0.38043133194537354091,0.099999999982175680202,363,363,-0.16908550262451171875,0,0
1.37201720000131447e-06,2.9999431203461934814,0.0096485331791147290609,0.10000000000002395861,0.99999999872986100602,0.086836798542258772371,0.38043133068051676604,0.1000000000179685905,364,364,-0.16891436278820037842,0,0
1.3720171999964817235e-06,2.9999431232428976912,0.0096485332001334817714,0.099999999999935890171,1.0000000012699208352,0.086836798871168935365,0.38043133194537293029,0.099999999981806642069,365,365,-0.16874322295188903809,0,0
1.3720172000013612685e-06,2.999943120339809699,0.0096485331791531341039,0.10000000000002480516,0.99999999873010703144,0.086836798542296422809,0.3804313306805111039,0.10000000001834204177,366,366,-0.16857208311557769775,0,0
1.3720171999964275134e-06,2.9999431232494133681,0.0096485332000941798763,0.099999999999934904849,1.0000000012696446117,0.086836798871129522448,0.38043133194537176456,0.099999999981426931916,367,367,-0.16840094327926635742,0,0
1.3720172000014099729e-06,2.9999431203332411755,0.0096485331791927222284,0.10000000000002569334,0.99999999873037892506,0.086836798542335821849,0.38043133068051027124,0.10000000001872515198,368,368,-0.16822980344295501709,0,0
1.3720171999963739385e-06,2.9999431232560467286,0.009648533200054145928,0.099999999999933933403,1.0000000012693581741,0.086836798871089304619,0.38043133194536937758,0.099999999981040643693,369,369,-0.16805866360664367676,0,0
1.3720172000014605831e-06,2.9999431203265536361,0.0096485331792331898576,0.10000000000002660927,0.99999999873067568767,0.086836798542377385823,0.38043133068051643297,0.1000000000191148819,370,370,-0.16788753867149353027,0,0
1.3720171999963214225e-06,2.9999431232628350763,0.0096485332000132723734,0.099999999999932975836,1.0000000012690801743,0.086836798871048948012,0.38043133194537159802,0.099999999980644821429,371,371,-0.16771639883518218994,0,0
1.3720172000015164873e-06,2.9999431203197026718,0.0096485331792745734208,0.10000000000002763623,0.9999999987309720062,0.08683679854241931062,0.38043133068051981915,0.10000000001951417361,372,372,-0.16754525899887084961,0,0
1.3720171999962725063e-06,2.9999431232697246763,0.0096485331999717118684,0.099999999999932087658,1.0000000012687937367,0.086836798871007273015,0.38043133194537143149,0.099999999980242712527,373,373,-0.16737411916255950928,0,0
1.3720172000015768384e-06,2.9999431203127202572,0.0096485331793166508735,0.10000000000002873257,0.99999999873126033112,0.086836798542461152151,0.38043133068051876444,0.10000000001992144505,374,374,-0.16720297932624816895,0,0
1.372017199996224649e-06,2.9999431232767834743,0.0096485331999290237931,0.099999999999931213357,1.0000000012684837625,0.086836798870963655128,0.38043133194536615793,0.09999999997983129163,375,375,-0.16703183948993682861,0,0
1.3720172000016414247e-06,2.9999431203055784145,0.0096485331793597379352,0.10000000000002991218,0.99999999873156530938,0.086836798542504367582,0.38043133068052048529,0.10000000002033750113,376,376,-0.16686069965362548828,0,0
1.3720171999961780622e-06,2.9999431232839635086,0.0096485331998856799923,0.099999999999930366812,1.0000000012681806716,0.086836798870919940097,0.3804313319453644926,0.099999999979412376727,377,377,-0.16668955981731414795,0,0
1.3720172000017081285e-06,2.9999431202983335432,0.0096485331794034616404,0.10000000000003111955,0.9999999987318650696,0.086836798542548332414,0.38043133068052065182,0.10000000002076069039,378,378,-0.16651841998100280762,0,0
1.3720171999961323224e-06,2.9999431232912945333,0.0096485331998415382188,0.099999999999929534145,1.0000000012678862404,0.086836798870876363843,0.3804313319453679898,0.099999999978984316362,379,379,-0.16634728014469146729,0,0
1.3720172000017790675e-06,2.9999431202909301319,0.0096485331794480457684,0.10000000000003242406,0.99999999873215883461,0.086836798542592436023,0.38043133068051665502,0.10000000002119339981,380,380,-0.16617614030838012695,0,0
1.3720171999960893355e-06,2.9999431232988054141,0.0096485331997963347944,0.099999999999928743111,1.0000000012675818173,0.086836798870831885533,0.38043133194537137598,0.099999999978546250112,381,381,-0.16600500047206878662,0,0
1.3720172000018563593e-06,2.9999431202833481969,0.0096485331794936672611,0.10000000000003382572,0.99999999873246114834,0.086836798542637233522,0.38043133068051204759,0.1000000000216360041,382,382,-0.16583386063575744629,0,0
1.372017199996051219e-06,2.9999431233064579594,0.0096485331997501668638,0.099999999999928049221,1.0000000012672594085,0.086836798870785575355,0.38043133194537037678,0.099999999978100009845,383,383,-0.16566272079944610596,0,0
1.3720172000019421214e-06,2.9999431202756041692,0.0096485331795404163241,0.10000000000003539391,0.99999999873279266094,0.086836798542684334734,0.38043133068051460111,0.10000000002208737915,384,384,-0.16549158096313476562,0,0
1.3720171999960192435e-06,2.999943123314251725,0.0096485331997031766743,0.099999999999927466354,1.0000000012669387761,0.086836798870738696188,0.38043133194537143149,0.099999999977645054328,385,385,-0.16532044112682342529,0,0
1.3720172000020357185e-06,2.9999431202676882791,0.0096485331795882114253,0.10000000000003710088,0.99999999873313571985,0.086836798542732573924,0.38043133068051820933,0.10000000002254842701,386,386,-0.16514930129051208496,0,0
1.372017199995992562e-06,2.9999431233222271231,0.0096485331996550762618,0.099999999999926980632,1.000000001266604599,0.086836798870690540264,0.38043133194537093189,0.099999999977179940269,387,387,-0.16497816145420074463,0,0
1.3720172000021379977e-06,2.9999431202596378299,0.0096485331796367836826,0.1000000000000389605,0.99999999873347333867,0.086836798542781368226,0.38043133068051915302,0.10000000002301809299,388,388,-0.1648070216178894043,0,0
1.3720171999959743508e-06,2.9999431233303734956,0.0096485331996059957305,0.099999999999926647565,1.0000000012662715321,0.086836798870641870862,0.38043133194537315234,0.099999999976704556648,389,389,-0.16463588178157806396,0,0
1.3720172000022551001e-06,2.9999431202514212913,0.0096485331796862996295,0.10000000000004109768,0.99999999873380429616,0.086836798542830564984,0.38043133068051621093,0.10000000002349819506,390,390,-0.16446474194526672363,0,0
1.3720171999959718097e-06,2.9999431233386943951,0.0096485331995558691609,0.099999999999926605931,1.0000000012659309157,0.086836798870592160626,0.38043133194537531727,0.099999999976219097753,391,391,-0.1642936021089553833,0,0
1.3720172000023938017e-06,2.9999431202429893695,0.0096485331797371391704,0.10000000000004362344,0.99999999873415723606,0.08683679854288134381,0.38043133068051637746,0.10000000002398980181,392,392,-0.16412247717380523682,0,0
1.3720171999959910797e-06,2.9999431233471742786,0.0096485331995047433906,0.099999999999926952876,1.0000000012655796411,0.086836798870541132001,0.38043133194537598341,0.099999999975724340739,393,393,-0.16395133733749389648,0,0
1.3720172000025593966e-06,2.9999431202344055691,0.0096485331797888668898,0.10000000000004663492,0.99999999873450973187,0.086836798542932788769,0.38043133068051465662,0.10000000002449067893,394,394,-0.16378019750118255615,0,0
1.3720171999960374547e-06,2.9999431233558517818,0.009648533199452415457,0.099999999999927799421,1.00000000126521571,0.086836798870488826618,0.38043133194537559483,0.099999999975218398229,395,395,-0.16360905766487121582,0,0
1.3720172000027612022e-06,2.9999431202256618967,0.0096485331798415643195,0.10000000000005031253,0.99999999873486777879,0.086836798542985205174,0.38043133068051276924,0.10000000002500104845,396,396,-0.16343791782855987549,0,0
1.3720171999961253344e-06,2.9999431233646762784,0.009648533199399161181,0.099999999999929395367,1.0000000012648420089,0.086836798870435286113,0.38043133194537376296,0.099999999974703823735,397,397,-0.16326677799224853516,0,0
1.3720172000030144651e-06,2.9999431202167365917,0.009648533179895373707,0.10000000000005493384,0.99999999873523415239,0.086836798543038870579,0.38043133068051138146,0.10000000002552210387,398,398,-0.16309563815593719482,0,0
1.3720171999962703888e-06,2.9999431233736850722,0.0096485331993447689264,0.099999999999932046024,1.0000000012644600922,0.086836798870380385584,0.38043133194537126496,0.099999999974178285789,399,399,-0.16292449831962585449,0,0
1.3720172000033380317e-06,2.9999431202076012326,0.0096485331799504320954,0.10000000000006081802,0.99999999873561462582,0.086836798543093673963,0.38043133068051071533,0.10000000002605469174,400,400,-0.16275335848331451416,0,0
1.3720171999964946407e-06,2.9999431233828817156,0.0096485331992892300196,0.099999999999936126094,1.0000000012640695157,0.086836798870324222177,0.38043133194536832287,0.099999999973641728879,401,401,-0.16258221864700317383,0,0
1.372017200003756466e-06,2.9999431201982371675,0.0096485331800068956098,0.1000000000000684508,0.99999999873600997624,0.086836798543150059415,0.38043133068051149248,0.10000000002660036635,402,402,-0.1624110788106918335,0,0
1.3720171999968241366e-06,2.9999431233922728701,0.0096485331992325999717,0.099999999999942135176,1.000000001263677829,0.086836798870267656314,0.38043133194536837838,0.099999999973093958716,403,403,-0.16223993897438049316,0,0
1.3720172000043002611e-06,2.9999431201887332143,0.0096485331800642195471,0.10000000000007835954,0.99999999873640432746,0.086836798543207485701,0.38043133068051143697,0.10000000002715504765,404,404,-0.16206879913806915283,0,0
1.3720171999972986868e-06,2.9999431234018616443,0.0096485331991747937813,0.099999999999950781038,1.0000000012632763724,0.086836798870210007983,0.38043133194536843389,0.099999999972534989179,405,405,-0.1618976593017578125,0,0
1.3720172000050198156e-06,2.9999431201789930057,0.0096485331801230058563,0.10000000000009147405,0.99999999873681877371,0.086836798543266660588,0.38043133068051404599,0.1000000000277228851,406,406,-0.16172651946544647217,0,0
1.3720171999979765249e-06,2.9999431234116133993,0.0096485331991160907389,0.099999999999963132269,1.000000001262886018,0.086836798870152151486,0.38043133194537354091,0.099999999971965611301,407,407,-0.16155537962913513184,0,0
1.3720172000059792922e-06,2.999943120169033417,0.0096485331801830602483,0.10000000000010896006,0.99999999873723122157,0.086836798543326612632,0.38043133068051326884,0.1000000000283040591,408,408,-0.1613842397928237915,0,0
1.3720171999989296487e-06,2.9999431234215512276,0.0096485331990561942067,0.099999999999980493381,1.0000000012624741252,0.08683679887009253251,0.38043133194537465114,0.099999999971386019371,409,409,-0.16121309995651245117,0,0
1.3720172000072617e-06,2.9999431201588624418,0.0096485331802444364996,0.10000000000013231638,0.99999999873765810232,0.086836798543388285521,0.38043133068051460111,0.10000000002889748718,410,410,-0.16104196012020111084,0,0
1.372017200000255467e-06,2.9999431234316755734,0.0096485331989950955112,0.10000000000000465461,1.0000000012620471335,0.086836798870031109421,0.38043133194537287478,0.099999999970795463988,411,411,-0.16087082028388977051,0,0
1.3720172000089830828e-06,2.9999431201484636489,0.0096485331803071831824,0.10000000000016368018,0.99999999873809353179,0.086836798543451346188,0.38043133068051576684,0.1000000000295042657,412,412,-0.16069968044757843018,0,0
1.3720172000020905639e-06,2.9999431234419868808,0.0096485331989328952662,0.10000000000003810008,1.0000000012616192535,0.086836798869968784276,0.38043133194537293029,0.099999999970193598209,413,413,-0.16052854061126708984,0,0
1.3720172000113035295e-06,2.9999431201378135015,0.0096485331803714095844,0.1000000000002059658,0.99999999873853651078,0.086836798543515558713,0.38043133068051560031,0.10000000003012562977,414,414,-0.16035740077495574951,0,0
1.3720172000046225571e-06,2.9999431234524998047,0.0096485331988694737759,0.10000000000008422985,1.0000000012611807154,0.08683679886990521013,0.38043133194537243069,0.099999999969580130599,415,415,-0.16018627583980560303,0,0
1.3720172000144432689e-06,2.9999431201268773606,0.0096485331804374123432,0.10000000000026318392,0.99999999873900413672,0.086836798543581991683,0.38043133068051893098,0.10000000003076293942,416,416,-0.1600151360034942627,0,0
1.37201720000810958e-06,2.9999431234631805943,0.0096485331988050166557,0.10000000000014776236,1.0000000012607297428,0.086836798869840386983,0.38043133194537043229,0.099999999968957170582,417,417,-0.15984399616718292236,0,0
1.3720172000187044799e-06,2.9999431201157142901,0.0096485331805047005321,0.10000000000034083014,0.99999999873946010531,0.086836798543648993642,0.38043133068051648848,0.10000000003141473748,418,418,-0.15967285633087158203,0,0
1.3720172000129063276e-06,2.9999431234740137064,0.0096485331987397251335,0.10000000000023516467,1.0000000012602836552,0.086836798869775438936,0.38043133194537226416,0.099999999968325092858,419,419,-0.1595017164945602417,0,0
1.3720172000245030557e-06,2.9999431201042177086,0.009648533180574053042,0.10000000000044648174,0.99999999873994149802,0.086836798543718549115,0.38043133068051743217,0.10000000003208538157,420,420,-0.15933057665824890137,0,0
1.3720172000194981498e-06,2.9999431234849773809,0.0096485331986737501303,0.1000000000003552908,1.0000000012598511123,0.086836798869710615789,0.38043133194537975816,0.099999999967684563562,421,421,-0.15915943682193756104,0,0
1.3720172000324052378e-06,2.9999431200923409868,0.0096485331806456624271,0.10000000000059046379,0.99999999874044287473,0.0868367985437900336,0.38043133068051837586,0.10000000003277742522,422,422,-0.1589882969856262207,0,0
1.3720172000285457322e-06,2.9999431234960760584,0.0096485331986067308235,0.10000000000052014504,1.000000001259376381,0.08683679886964291994,0.38043133194537576136,0.099999999967037428439,423,423,-0.15881715714931488037,0,0
1.3720172000431833085e-06,2.99994312008011077,0.0096485331807193534803,0.10000000000078686224,0.99999999874094569474,0.086836798543863238931,0.38043133068051587786,0.10000000003349089617,424,424,-0.15864601731300354004,0,0
1.3720172000409534943e-06,2.9999431235072466784,0.0096485331985393298776,0.10000000000074622808,1.0000000012589034259,0.086836798869575251847,0.38043133194537365194,0.099999999966386157735,425,425,-0.15847487747669219971,0,0
1.3720172000578973296e-06,2.9999431200674275821,0.0096485331807958946843,0.10000000000105496722,0.99999999874148393086,0.086836798543940232897,0.38043133068051881995,0.10000000003423036021,426,426,-0.15830373764038085938,0,0
1.3720172000579612806e-06,2.9999431235183968703,0.0096485331984720781179,0.10000000000105613296,1.0000000012584413511,0.086836798869507972332,0.38043133194537409603,0.099999999965735344998,427,427,-0.15813259780406951904,0,0
1.3720172000779942451e-06,2.9999431200541937237,0.009648533180875737067,0.10000000000142116041,0.99999999874204270611,0.086836798544020377122,0.38043133068052098489,0.10000000003500199297,428,428,-0.15796145796775817871,0,0
1.3720172000812589218e-06,2.9999431235294977682,0.0096485331984050952403,0.10000000000148065449,1.0000000012579748354,0.086836798869440720572,0.38043133194537265274,0.099999999965087779663,429,429,-0.15779031813144683838,0,0
1.3720172001054523004e-06,2.999943120040376332,0.0096485331809590228758,0.10000000000192148242,0.99999999874260891986,0.086836798544103380171,0.38043133068051848689,0.10000000003580857,430,430,-0.15761917829513549805,0,0
1.3720172001131641119e-06,2.9999431235404148133,0.0096485331983391757482,0.1000000000020620089,1.0000000012575083197,0.086836798869374204335,0.380431331945368989,0.099999999964451219414,431,431,-0.15744803845882415771,0,0
1.3720172001429839068e-06,2.999943120025765797,0.0096485331810472110131,0.10000000000260536592,0.99999999874322964555,0.086836798544192225768,0.38043133068052237267,0.10000000003666049964,432,432,-0.15727689862251281738,0,0
1.3720172001568485656e-06,2.9999431235509286253,0.0096485331982757178287,0.10000000000285799717,1.000000001257071558,0.086836798869310422022,0.3804313319453684894,0.099999999963837196693,433,433,-0.15710575878620147705,0,0
1.3720172001942973745e-06,2.9999431200101867034,0.009648533181141135881,0.100000000003540368,0.9999999987438755733,0.086836798544286067369,0.38043133068052159551,0.10000000003756936984,434,434,-0.15693461894989013672,0,0
1.3720172002166478211e-06,2.9999431235609206325,0.0096485331982154500657,0.10000000000394761168,1.0000000012566561125,0.086836798869250206301,0.38043133194536882247,0.09999999996325410756,435,435,-0.15676347911357879639,0,0
1.3720172002644647368e-06,2.9999431199933397352,0.0096485331812427212878,0.10000000000481890083,0.99999999874457889959,0.086836798544387708287,0.38043133068052198409,0.10000000003855188946,436,436,-0.15659233927726745605,0,0
1.3720172002984944972e-06,2.9999431235700262377,0.0096485331981605686191,0.10000000000543897427,1.0000000012562870744,0.086836798869195735984,0.38043133194537182007,0.099999999962722213587,437,437,-0.15642119944095611572,0,0
1.3720172003604234053e-06,2.9999431199749078125,0.0096485331813537435902,0.10000000000656740495,0.99999999874532952138,0.086836798544497814656,0.38043133068051643297,0.10000000003962750128,438,438,-0.15625007450580596924,0,0
1.3720172004105029578e-06,2.9999431235778657445,0.0096485331981133286294,0.10000000000747992501,1.0000000012559697726,0.08683679886914902335,0.38043133194537492869,0.099999999962264329856,439,439,-0.15607893466949462891,0,0
1.3720172004916650195e-06,2.9999431199543713511,0.0096485331814774501907,0.10000000000895879759,0.99999999874616907203,0.086836798544620646956,0.38043133068051127044,0.10000000004082568172,440,440,-0.15590779483318328857,0,0
1.3720172005637771695e-06,2.9999431235838955878,0.0096485331980769965809,0.1000000000102727743,1.0000000012557217488,0.086836798869113246413,0.38043133194537698261,0.099999999961912569568,441,441,-0.15573665499687194824,0,0
1.3720172006711822177e-06,2.9999431199310095941,0.0096485331816183565745,0.10000000001222984769,0.99999999874715583825,0.086836798544762061614,0.38043133068051510071,0.10000000004218738414,442,442,-0.15556551516056060791,0,0
1.3720172007735124798e-06,2.9999431235872870971,0.009648533198056457455,0.1000000000140944395,1.0000000012555700923,0.086836798869092443609,0.38043133194537442909,0.099999999961714880481,443,443,-0.15539437532424926758,0,0
1.3720172009167432101e-06,2.9999431199039801044,0.009648533181781309559,0.10000000001670429628,0.99999999874828526814,0.086836798544925111742,0.3804313306805160444,0.10000000004376333185,444,444,-0.15522323548793792725,0,0
1.3720172010604919011e-06,2.9999431235869287171,0.0096485331980586137163,0.10000000001932358995,1.0000000012556002904,0.0868367988690951359,0.38043133194537875896,0.099999999961734198362,445,445,-0.15505209565162658691,0,0
1.37201720125265636e-06,2.9999431198719372915,0.0096485331819744050985,0.10000000002282508071,0.99999999874961997826,0.086836798545117735437,0.38043133068051487866,0.10000000004563115719,446,446,-0.15488095581531524658,0,0
1.3720172014531439764e-06,2.9999431235814841834,0.009648533198091318458,0.10000000002647824182,1.0000000012558185603,0.086836798869127582168,0.38043133194537659403,0.099999999962051333569,447,447,-0.15470981597900390625,0,0
1.3720172017121757573e-06,2.9999431198332477955,0.0096485331822076074448,0.10000000003119814684,0.99999999875123390947,0.086836798545350882272,0.38043133068051521173,0.10000000004788672792,448,448,-0.15453867614269256592,0,0
1.3720172019903699645e-06,2.9999431235688485131,0.0096485331981673496532,0.10000000003626721701,1.0000000012563456941,0.086836798869203354889,0.38043133194537626096,0.0999999999627866204,449,449,-0.15436753630638122559,0,0
1.3720172023408046472e-06,2.9999431197855335185,0.0096485331824952107194,0.10000000004265260922,0.99999999875322564957,0.086836798545638568814,0.38043133068051632195,0.10000000005066836395,450,450,-0.15419639647006988525,0,0
1.3720172027253938159e-06,2.9999431235463105416,0.0096485331983030015596,0.10000000004966033695,1.0000000012572762831,0.086836798869338302498,0.38043133194537315234,0.099999999964099514638,451,451,-0.15402525663375854492,0,0
1.3720172032007961398e-06,2.9999431197255650439,0.0096485331828566906626,0.10000000005832281047,0.99999999875572986863,0.086836798546000418253,0.3804313306805185424,0.10000000005416441462,452,452,-0.15385411679744720459,0,0
1.3720172037310307179e-06,2.9999431235101368109,0.0096485331985208915018,0.10000000006798440144,1.000000001258783966,0.086836798869556128255,0.38043133194537337438,0.099999999966206995494,453,453,-0.15368297696113586426,0,0
1.3720172043773229977e-06,2.9999431196489294571,0.0096485331833186162992,0.10000000007976071748,0.99999999875893130774,0.086836798546462812265,0.38043133068052159551,0.10000000005863178554,454,454,-0.15351183712482452393,0,0
1.3720172051069046624e-06,2.9999431234551523495,0.0096485331988521542967,0.10000000009305468063,1.0000000012610823497,0.086836798869887502073,0.38043133194537548381,0.099999999969410474643,455,455,-0.15334069728851318359,0,0
1.3720172059869094259e-06,2.9999431195495906977,0.0096485331839172953916,0.10000000010908954851,0.99999999876307443802,0.086836798547061513909,0.38043133068052292778,0.10000000006442234801,456,456,-0.15316955745220184326,0,0
1.3720172069893072739e-06,2.9999431233743489855,0.0096485331993388760707,0.10000000012735459076,1.0000000012644427727,0.086836798870373391179,0.38043133194537281927,0.099999999974118944368,457,457,-0.15299841761589050293,0,0
1.3720172081889695663e-06,2.9999431194192904826,0.0096485331847025006258,0.10000000014921404945,0.99999999876850698133,0.086836798547846386076,0.38043133068052342738,0.10000000007201717556,458,458,-0.1528272777795791626,0,0
1.3720172095646967623e-06,2.9999431232580979767,0.0096485332000391856727,0.10000000017428165022,1.0000000012692800144,0.08683679887107273454,0.3804313319453699882,0.099999999980893414242,459,459,-0.15265613794326782227,0,0
1.3720172112015953444e-06,2.9999431192468390961,0.009648533185741724888,0.10000000020410813872,0.99999999877569556439,0.086836798548885457683,0.3804313306805245376,0.10000000008206912094,460,460,-0.15248501300811767578,0,0
1.3720172130881710755e-06,2.9999431230932338543,0.0096485332010324467017,0.10000000023848408526,1.0000000012761505186,0.086836798872065246169,0.38043133194536943309,0.099999999990500784697,461,461,-0.15231387317180633545,0,0
1.3720172153231687272e-06,2.9999431190167511474,0.0096485331871282355859,0.10000000027920875889,0.99999999878528855746,0.086836798550271654396,0.38043133068052614743,0.10000000009547999058,462,462,-0.15214273333549499512,0,0
1.3720172179087361635e-06,2.9999431228618012035,0.0096485332024268417178,0.10000000032632128111,1.0000000012857943599,0.086836798873458895254,0.38043133194536921105,0.10000000000398830136,463,463,-0.15197159349918365479,0,0
1.3720172209619115263e-06,2.9999431187079563799,0.009648533188988932946,0.10000000038195423768,0.99999999879815759662,0.08683679855213129184,0.38043133068052575885,0.10000000011347784379,464,464,-0.15180045366287231445,0,0
1.3720172245038769923e-06,2.9999431225390353895,0.0096485332043715916345,0.10000000044649361153,1.0000000012992562581,0.086836798875402868014,0.38043133194537187558,0.10000000002279801903,465,465,-0.15162931382656097412,0,0
1.3720172286763172448e-06,2.9999431182915921035,0.009648533191497834019,0.10000000052252108751,0.99999999881551848713,0.086836798554639202385,0.3804313306805280348,0.1000000001377446962,466,466,-0.15145817399024963379,0,0
1.3720172335268382882e-06,2.9999431220913446161,0.0096485332070690259243,0.10000000061090411063,1.0000000013179115577,0.086836798878098905852,0.380431331945371487,0.10000000004888942584,467,467,-0.15128703415393829346,0,0
1.3720172392304671992e-06,2.9999431177282391836,0.0096485331948922940792,0.10000000071483190756,0.9999999988389862704,0.086836798558031322304,0.38043133068052448209,0.1000000001705790148,468,468,-0.15111589431762695312,0,0
1.3720172458713435721e-06,2.9999431214724947559,0.0096485332107978851596,0.10000000083583761301,1.0000000013437186919,0.086836798881826701701,0.38043133194537681607,0.10000000008495561754,469,469,-0.15094475448131561279,0,0
1.3720172536697160901e-06,2.9999431169638528516,0.00964853319949812889,0.10000000097793444731,0.99999999887085055938,0.086836798562634667786,0.38043133068052559231,0.10000000021512869819,470,470,-0.15077361464500427246,0,0
1.3720172627601045967e-06,2.9999431206194135946,0.0096485332159379124523,0.10000000114357356085,1.0000000013792598175,0.086836798886963578736,0.3804313319453734854,0.10000000013467412463,471,471,-0.15060247480869293213,0,0
1.3720172734242269563e-06,2.9999431159246623402,0.0096485332057597034822,0.10000000133788820855,0.99999999891414892428,0.086836798568892314965,0.38043133068052170653,0.10000000027569551364,472,472,-0.1504313349723815918,0,0
1.3720172858659345648e-06,2.9999431194456742666,0.009648533223010171897,0.1000000015645928636,1.0000000014281893446,0.086836798894032729557,0.3804313319453774267,0.10000000020307997506,473,473,-0.15026019513607025146,0,0
1.3720173004506325652e-06,2.999943114509572073,0.0096485332142863273336,0.10000000183034567225,0.99999999897313240904,0.086836798577414511802,0.38043133068052314982,0.10000000035816938859,474,474,-0.15008905529975891113,0,0
1.3720173174774379374e-06,2.9999431178331312786,0.009648533232726307779,0.10000000214059696912,1.000000001495394919,0.086836798903743545042,0.38043133194537709363,0.10000000029706007654,475,475,-0.1499179154634475708,0,0
1.3720173374258312571e-06,2.9999431125803561748,0.0096485332259107405711,0.10000000250408351554,0.99999999905353698093,0.086836798589032607176,0.38043133068052281676,0.10000000047060748909,476,476,-0.14974677562713623047,0,0
1.3720173607256872507e-06,2.9999431156201179505,0.0096485332460604748828,0.1000000029286382125,1.0000000015876171489,0.086836798917070065484,0.38043133194537404052,0.10000000042603673922,477,477,-0.14957563579082489014,0,0
1.3720173880121283745e-06,2.9999431099479378915,0.0096485332417722662057,0.10000000342583385826,0.99999999916324333604,0.08683679860488570379,0.38043133068052176204,0.10000000062402997214,478,478,-0.1494044959545135498,0,0
1.3720174198943521592e-06,2.999943112585424565,0.0096485332643457006468,0.10000000400677080958,1.0000000017141057462,0.086836798935345738126,0.38043133194537681607,0.10000000060290090143,479,479,-0.14923335611820220947,0,0
1.3720174572199815104e-06,2.9999431063535269004,0.009648533263430127474,0.10000000468689393407,0.99999999931303762413,0.086836798626531444545,0.38043133068051826484,0.10000000083351848201,480,480,-0.14906221628189086914,0,0
1.3720175008439867093e-06,2.9999431084264847058,0.0096485332894049417873,0.10000000548178189508,1.0000000018874442009,0.086836798960391550772,0.38043133194537787078,0.10000000084528778976,481,481,-0.14889107644557952881,0,0
1.3720175519042726644e-06,2.9999431014431605647,0.0096485332930171825022,0.10000000641216887087,0.99999999951768048234,0.086836798656102220928,0.3804313306805155448,0.10000000111970240579,482,482,-0.14871993660926818848,0,0
1.372017611592502924e-06,2.9999431027293081975,0.0096485333237327133155,0.10000000749976853398,1.0000000021248880433,0.086836798994701008825,0.38043133194537837038,0.10000000117732568694,483,483,-0.14854881167411804199,0,0
1.372017681443272278e-06,2.9999430947326128916,0.0096485333334511806658,0.10000000877254325293,0.99999999979735954003,0.086836798696514949647,0.38043133068051665502,0.10000000151080334909,484,484,-0.14837767183780670166,0,0
1.372017763109335977e-06,2.9999430949274299429,0.0096485333707422484689,0.10000001026060842402,1.0000000024500625972,0.08683679904168593866,0.38043133194538247821,0.10000000163202772685,485,485,-0.14820653200149536133,0,0
1.3720178586675417277e-06,2.9999430855593343104,0.0096485333887241422207,0.1000000120018069566,1.0000000001796727211,0.086836798751758509374,0.38043133068051621093,0.10000000204543590954,486,486,-0.148035392165184021,0,0
1.3720179704019397067e-06,2.9999430842459897661,0.009648533435102312622,0.10000001403775728159,1.0000000028952402698,0.086836799106011830496,0.38043133194538414354,0.10000000225455500658,487,487,-0.14786425232887268066,0,0
1.3720181011307715836e-06,2.9999430730168921144,0.0096485334642978284186,0.1000000164198114605,1.0000000007024214543,0.086836798827292754899,0.38043133068052120693,0.10000000277642710766,488,488,-0.14769311249256134033,0,0
1.3720182540022457944e-06,2.9999430696247562089,0.0096485335232012019169,0.10000001920533398148,1.0000000035046126001,0.086836799194063271634,0.3804313319453834219,0.10000000310669843184,489,489,-0.14752197265625,0,0
1.3720184328484342602e-06,2.9999430558651956069,0.009648533567644123482,0.10000002246415021223,1.0000000014172638618,0.086836798930584116474,0.38043133068052326085,0.10000000377605174073,490,490,-0.14735083281993865967,0,0
1.3720186420003002967e-06,2.9999430496133205892,0.0096485336437782693447,0.10000002627517592946,1.0000000043386274573,0.086836799314575191522,0.38043133194538070185,0.10000000427299018946,491,491,-0.14717969298362731934,0,0
1.3720188866764617491e-06,2.9999430324076947763,0.0096485337089854787684,0.10000003073350108296,1.0000000023949138228,0.086836799071849837817,0.38043133068052414902,0.10000000514318665989,492,492,-0.147008553147315979,0,0
1.3720191728265229317e-06,2.9999430222272671642,0.0096485338087904572862,0.10000003594753512082,1.00000000547999357,0.086836799479498225085,0.3804313319453769271,0.10000000586908437683,493,493,-0.14683741331100463867,0,0
1.372019507565554037e-06,2.9999430003233431563,0.0096485339023072904524,0.10000004204692365672,1.0000000037321110646,0.086836799265068723153,0.38043133068052709111,0.10000000701310630957,494,494,-0.14666627347469329834,0,0
1.3720198990581537127e-06,2.9999429847517125047,0.0096485340345962584269,0.10000004918043597923,1.0000000070418855191,0.086836799705183459475,0.38043133194538031328,0.10000000805320737041,495,495,-0.14649513363838195801,0,0
1.3720203570134426224e-06,2.9999429564366200118,0.0096485341667432548973,0.10000005752498435097,1.0000000055611859562,0.086836799529363101202,0.3804313306805260364,0.10000000957088443776,496,496,-0.14632399380207061768,0,0
1.3720208926269031988e-06,2.9999429334724165841,0.009648534343575303901,0.10000006728456421745,1.0000000091790681722,0.086836800013996809366,0.3804313319453799247,0.10000001104183120493,497,497,-0.14615285396575927734,0,0
1.3720215191560869741e-06,2.9999428964030054878,0.0096485345284710050812,0.10000007870074420491,1.0000000080632251986,0.086836799890897126142,0.38043133068052592538,0.10000001306972441939,498,498,-0.14598171412944793701,0,0
1.3720222519435962775e-06,2.9999428633078295547,0.0096485347663460667433,0.10000009205308470206,1.0000000121033265632,0.0868368004365404067,0.38043133194537592789,0.10000001513111549112,499,499,-0.14581057429313659668,0,0
1.372023109101105904e-06,2.999942814278806491,0.009648535023303790939,0.10000010767160139036,1.0000000114859377565,0.086836800385464901764,0.38043133068052531476,0.10000001785603350457,500,500,-0.14563943445682525635,0,0
1.3720241116454855437e-06,2.9999427673058112198,0.0096485353447982417918,0.10000012593924531568,1.0000000161044251268,0.086836801014682288291,0.38043133194537359643,0.10000002072623982718,501,501,-0.14546829462051391602,0,0
1.3720252843288488719e-06,2.9999427019323072763,0.009648535700238649801,0.1000001473070269431,1.0000000161682398581,0.086836801062037186072,0.3804313306805255368,0.10000002440373853552,502,502,-0.14529715478420257568,0,0
1.3720266559316447363e-06,2.999942635955014314,0.0096485361362417549486,0.10000017229935612151,1.0000000215787787639,0.08683680180570199636,0.38043133194537503972,0.10000002838153819462,503,503,-0.14512601494789123535,0,0
1.372028260290286634e-06,2.99994254823847184,0.0096485366263086673466,0.10000020153276598101,1.0000000225737941673,0.086836801987611400566,0.38043133068052736867,0.10000003336122215147,504,504,-0.14495487511157989502,0,0
1.3720301368072196474e-06,2.9999424562428989027,0.0096485372190825806349,0.10000023572520586046,1.0000000290686987814,0.08683680288796248592,0.3804313319453744846,0.10000003885540000026,505,505,-0.14478375017642974854,0,0
1.3720323317466015442e-06,2.9999423379769805109,0.0096485378932226108922,0.10000027571964877071,1.0000000313369152849,0.086836803253845698536,0.38043133068052165102,0.10000004561554713678,506,506,-0.1446126103401184082,0,0
1.3720348990434892336e-06,2.9999422103668806905,0.009648538700589100528,0.10000032249883367141,1.0000000393161621037,0.086836804368675843402,0.38043133194537698261,0.10000005318538582322,507,507,-0.14444147050380706787,0,0
1.3720379019639432985e-06,2.9999420503247535841,0.0096485396264487949952,0.10000037721551172099,1.0000000433254934151,0.086836804986143267815,0.38043133068052081835,0.10000006238031164396,508,508,-0.14427033066749572754,0,0
1.3720414143257481623e-06,2.9999418739710024262,0.009648540727516420959,0.10000044121468544545,1.0000000533362556343,0.086836806394517587759,0.38043133194537881447,0.10000007279099605573,509,509,-0.14409919083118438721,0,0
1.3720455226547316025e-06,2.9999416567935166533,0.0096485419976414261295,0.10000051607289406341,1.0000000597268361435,0.086836807356065470742,0.38043133068052048529,0.1000000853158548586,510,510,-0.14392805099487304688,0,0
1.372050327970859505e-06,2.9999414137336941621,0.0096485435006417978598,0.10000060363075086167,1.0000000725177455863,0.08683680916615810208,0.38043133194538303332,0.10000009961426296889,511,511,-0.14375691115856170654,0,0
1.3720559486210196067e-06,2.9999411184084077142,0.0096485452416413836768,0.10000070604454973366,1.0000000821653025618,0.086836810598326999444,0.38043133068051659951,0.1000001166936941438,512,512,-0.14358577132225036621,0,0
1.3720625228409867818e-06,2.9999407840675624826,0.0096485472946498136021,0.10000082583293333494,1.0000000987606085801,0.086836812958134931839,0.38043133194539091591,0.10000013631209267451,513,513,-0.14341463148593902588,0,0
1.3720702125111880944e-06,2.9999403818476682027,0.0096485496797366916005,0.10000096594530824556,1.0000001128632436398,0.086836815034044737005,0.38043133068051687706,0.10000015962150825277,514,514,-0.14324349164962768555,0,0
1.3720792067825550192e-06,2.99993992260452913,0.0096485524853368882098,0.10000112982788608718,1.0000001346641806954,0.086836818146042202282,0.38043133194539646702,0.10000018651940449643,515,515,-0.14307235181331634521,0,0
1.3720897270924382561e-06,2.9999393741620106191,0.0096485557514810488949,0.10000132151504313727,1.0000001548610044644,0.086836821102536196348,0.38043133068051693257,0.10000021835091231492,516,516,-0.14290121197700500488,0,0
1.3721020322483567541e-06,2.9999387440190452558,0.0096485595868303370565,0.10000154572190268765,1.0000001837846426156,0.086836825243731499691,0.38043133194539924258,0.10000025520912975141,517,517,-0.14273007214069366455,0,0
1.3721164251652183648e-06,2.9999379955501033201,0.009648564058226432455,0.1000018079670269705,1.0000002123180962155,0.086836829404831353263,0.38043133068051815382,0.10000029869852285203,518,518,-0.14255893230438232422,0,0
1.372133259945962169e-06,2.9999371315783514014,0.0096485693025038891946,0.10000211470134166836,1.0000002509872047973,0.086836834954201011505,0.38043133194540773578,0.10000034918469362377,519,519,-0.14238779246807098389,0,0
1.3721529509707736304e-06,2.999936109475511703,0.0096485754226755555268,0.10000247347362392625,1.0000002909251177741,0.086836840763192715831,0.38043133068052664703,0.10000040862198072977,520,520,-0.14221665263175964355,0,0
1.3721759827118626674e-06,2.9999349255830680683,0.0096485825946316210178,0.10000289310916424257,1.0000003429278594425,0.086836848239209299405,0.38043133194542400055,0.10000047775374840131,521,521,-0.14204551279544830322,0,0
1.3722029220371771004e-06,2.9999335291468005593,0.0096485909703502587692,0.10000338393371412116,1.0000003984672261037,0.086836856302538470431,0.38043133068054063584,0.10000055900795955244,522,522,-0.14187437295913696289,0,0
1.3722344317675857361e-06,2.9999319075545121116,0.009648600779673704303,0.10000395802018545444,1.0000004687124715019,0.08683686641451054955,0.38043133194544581643,0.10000065364982495264,523,523,-0.14170323312282562256,0,0
1.3722712873744805736e-06,2.9999299990233248003,0.0096486122410374425967,0.10000462949244964816,1.0000005455950498057,0.086836877561830214112,0.38043133068056311785,0.10000076475012094346,524,524,-0.14153209328651428223,0,0
1.3723143956580709007e-06,2.9999277786042566341,0.0096486256586234102339,0.10000541486506227262,1.0000006407984802781,0.086836891280134761995,0.38043133194549216824,0.10000089429310150824,525,525,-0.14136095345020294189,0,0
1.3723648174513012108e-06,2.9999251695175761512,0.009648641341237626165,0.10000633345611020797,1.0000007468792209142,0.086836906646441225366,0.38043133068061407709,0.10000104622366214058,526,526,-0.14118981361389160156,0,0
1.372423793304106002e-06,2.9999221298482150466,0.0096486596953007843641,0.10000740785405491662,1.0000008762280754304,0.08683692529858205722,0.38043133194557737786,0.10000122351494633577,527,527,-0.14101867377758026123,0,0
1.3724927743975862879e-06,2.9999185623941184708,0.0096486811526865969707,0.10000866447944274651,1.0000010222526296566,0.086836946436560938367,0.38043133068069817648,0.10000143130223303201,528,528,-0.14084754884243011475,0,0
1.3725734578102651081e-06,2.9999144019412491424,0.0096487062602235544595,0.1000101342253358061,1.0000011983151220196,0.086836971838563953296,0.38043133194572498201,0.10000167391672511175,529,529,-0.14067640900611877441,0,0
1.3726678286540116928e-06,2.9999095234475361416,0.0096487356175597744495,0.10001185322211610107,1.0000013989834137806,0.086837000872254363482,0.38043133068086543158,0.10000195811651213518,530,530,-0.14050526916980743408,0,0
1.3727782084416111612e-06,2.9999038297384368335,0.0096487699641398631811,0.10001386371475215475,1.000001638952378924,0.086837035508360804759,0.38043133194600364799,0.10000229009582027595,531,531,-0.14033412933349609375,0,0
1.3729073125575216055e-06,2.9998971577915281017,0.0096488101285094069609,0.10001621510444171081,1.0000019143728535731,0.086837075343284553242,0.38043133068118850648,0.10000267882675541176,532,532,-0.14016298949718475342,0,0
1.3730583165321641394e-06,2.9998893666278267922,0.0096488571141290797178,0.10001896514863335697,1.0000022417664033991,0.086837122611672590278,0.380431331946508966,0.10000313305713852408,533,533,-0.13999184966087341309,0,0
1.3732349344616642169e-06,2.9998802413845200299,0.0096489120619990455946,0.10002218137956095378,1.0000026194447504402,0.086837177222163525192,0.38043133068180623457,0.1000036647812704016,534,534,-0.13982070982456207275,0,0
1.373441509745566834e-06,2.9998695810875037893,0.009648976337216213367,0.10002594274342628544,1.0000030664315726625,0.086837241770904211036,0.38043133194743888881,0.10000428624472891548,535,535,-0.13964956998825073242,0,0
1.3736831221120724632e-06,2.9998571000943581311,0.0096490515074363642639,0.10003034153114728766,1.0000035839893632872,0.086837316592893537548,0.38043133068297896315,0.10000501356855834301,536,536,-0.13947843015193939209,0,0
1.3739657117564335819e-06,2.9998425153116743402,0.0096491394328201713498,0.10003548561382914761,1.0000041945671158672,0.086837404779153970491,0.38043133194914896533,0.10000586378654516273,537,537,-0.13930729031562805176,0,0
1.3742962254013312865e-06,2.9998254444472061131,0.009649242263717014087,0.10004150106795427211,1.0000049034575035911,0.086837507246979028785,0.38043133068519985329,0.10000685865561768917,538,538,-0.13913615047931671143,0,0
1.3746827860013052445e-06,2.9998054920709869009,0.0096493625376458409121,0.10004853521814537076,1.0000057377961533156,0.086837627764486030602,0.38043133195232736732,0.10000802176079051642,539,539,-0.13896501064300537109,0,0
1.3751348920225432692e-06,2.9997821439225820228,0.0096495032007558236703,0.10005676020069854959,1.0000067083801222889,0.086837768044225299713,0.38043133068937784458,0.10000938255588509573,540,540,-0.13879387080669403076,0,0
1.3756636492413855168e-06,2.9997548509920068938,0.0096496677168500539362,0.10006637709495097566,1.0000078487543622163,0.086837932780241058883,0.38043133195824530013,0.10001097358444127616,541,541,-0.13862273097038269043,0,0
1.3762820424912021703e-06,2.999722918869343502,0.0096498601187484673442,0.10007762074881219883,1.0000091772325458983,0.086838124771008634584,0.38043133069723711337,0.10001283481012607224,542,542,-0.1384515911340713501,0,0
1.3770052519515102245e-06,2.9996855887227749093,0.0096500851361953268043,0.10009076536996282247,1.0000107361197760891,0.086838349976027351396,0.38043133196926892658,0.10001501101953308437,543,543,-0.13828045129776000977,0,0
1.3778510234002337331e-06,2.9996419203316309066,0.0096503482853645874279,0.10010613103763910114,1.0000125539910067474,0.086838612676106541333,0.38043133071197976491,0.10001755652212215852,544,544,-0.13810931146144866943,0,0
1.3788400992322732879e-06,2.9995908684422429857,0.0096506560249368204818,0.10012409123637484865,1.0000146851165057083,0.086838920559022605983,0.38043133198981099463,0.10002053282436779158,545,545,-0.1379381716251373291,0,0
1.3799967222915115667e-06,2.9995311576677683441,0.0096510158948015251773,0.10014508160034574225,1.0000171720719679413,0.086839279927905285716,0.38043133073961798996,0.10002401380630940309,546,546,-0.13776703178882598877,0,0
1.3813492222403219362e-06,2.9994613521811928081,0.0096514367128300408705,0.10016961000387557268,1.0000200854564909037,0.08683970082882269681,0.38043133202811268978,0.10002808378768224262,547,547,-0.13759589195251464844,0,0
1.3829306999361605108e-06,2.9993797200681076021,0.009651928777538539353,0.10019826822334970684,1.0000234869336859234,0.086840192321629344763,0.38043133079136148833,0.10003284332398866552,548,548,-0.13742475211620330811,0,0
1.3847798233359978889e-06,2.999284293643120769,0.0096525041223167011573,0.10023174534069020924,1.0000274693621693523,0.086840767666689702708,0.38043133209954038687,0.10003840782593102776,549,549,-0.13725361227989196777,0,0
1.3869417547768957211e-06,2.9991727200787061669,0.0096531768016218846146,0.10027084314689382882,1.0000321203993887131,0.086841439677206658243,0.38043133088813385623,0.10004491416431419981,550,550,-0.13708248734474182129,0,0
1.3894692279688518119e-06,2.999042308782891908,0.0096539632248593045677,0.1003164937414092045,1.000037563203993729,0.086842225987900298345,0.38043133223270780841,0.10005252005620873801,551,551,-0.13691134750843048096,0,0
1.3924237999922805032e-06,2.9988898641836696513,0.0096548825517575060512,0.10036977960213057381,1.0000439207752338522,0.086843144513720327282,0.38043133106889387429,0.10006141172655329263,552,552,-0.13674020767211914062,0,0
1.3958773025186597504e-06,2.9987117155791467304,0.0096559571348665013818,0.10043195631917564703,1.0000513574357057234,0.086844218830282302046,0.38043133248083271791,0.10007180433920589979,553,553,-0.13656906783580780029,0,0
1.3999135240087149814e-06,2.9985035268473274606,0.0096572130571821648143,0.10050447823997168961,1.0000600441294489329,0.086845473771017395181,0.38043133140604212805,0.10008395103432901618,554,554,-0.13639792799949645996,0,0
1.4046301538609684105e-06,2.9982603030200354333,0.0096586807202767126224,0.10058902715219317225,1.000070200953067534,0.086846940957535395667,0.38043133294264458444,0.1000981447589905371,555,555,-0.13622678816318511963,0,0
1.4101410273347261584e-06,2.9979761704972922587,0.0096603955657521105305,0.10068754413411318271,1.0000820636932237218,0.086848654575389469534,0.3804313320337852633,0.10011472908070609411,556,556,-0.1360556483268737793,0,0
1.4165787091258600683e-06,2.997644353449656851,0.0096623988548256815878,0.10080226450751265943,1.0000959277406968884,0.086850657101777542501,0.38043133380076632477,0.10013410185516964657,557,557,-0.13588450849056243896,0,0
1.4240974609445056321e-06,2.997256917074471616,0.0096647386238978578304,0.10093575573781542187,1.000112116207484636,0.086852995308302594069,0.38043133319992766816,0.10015672829845088943,558,558,-0.13571336865425109863,0,0
1.4328766362813346115e-06,2.9968047061410194587,0.0096674707095437979049,0.10109095780775832762,1.0001310256230191431,0.086855726242132044734,0.38043133539155499223,0.10018314700415467677,559,559,-0.1355422288179397583,0,0
1.4431245511438636882e-06,2.9962770434277188336,0.009670659995192686792,0.10127122534917755436,1.0001530960174858098,0.086858913510149668435,0.38043133535975870441,0.10021398581783549919,560,560,-0.13537108898162841797,0,0
1.4550828740497356306e-06,2.9956616229939183604,0.009674381739723932408,0.10148037031314410816,1.0001788588416782311,0.086862633574748202014,0.38043133833090231333,0.10024997075031820415,561,561,-0.13519994914531707764,0,0
1.4690315794142907264e-06,2.9949441571474659796,0.0096787231724486215423,0.10172270350552821416,1.000208909406436808,0.086866972373032549926,0.38043133934398071228,0.10029194519278328279,562,562,-0.1350288093090057373,0,0
1.4852944957808949549e-06,2.9941082196581709773,0.0096837851776253331543,0.10200307257690822971,1.000243957445942744,0.086872031983624253826,0.38043134373756415378,0.10034088220495378241,563,563,-0.13485766947269439697,0,0
1.5042454714306578304e-06,2.9931348391409362542,0.0096896842801623521424,0.10232689337197667379,1.0002848022056345378,0.086877927618542988286,0.38043134665409433781,0.10039790745438345598,564,564,-0.13468652963638305664,0,0
1.5263151535939724494e-06,2.9920022946384374762,0.0096965547112020291504,0.10270017060423029809,1.0003323859089481296,0.086884794691742373018,0.38043135362156915713,0.1004643150773011917,565,565,-0.13451538980007171631,0,0
1.5519983508803470418e-06,2.9906856639532874986,0.0097045507828405954548,0.10312950302173817807,1.0003877714886142414,0.086892786175469763355,0.38043135996944016375,0.10054159427915157488,566,566,-0.13434424996376037598,0,0
1.5818618990739063887e-06,2.9891565892275733241,0.0097138492934015687602,0.10362206732053176605,1.0004521987949375195,0.086902080036772924587,0.38043137154058087601,0.10063144829426358406,567,567,-0.13417311012744903564,0,0
1.616552895300049589e-06,2.9873828095060996901,0.0097246521940208569684,0.1041855745287027929,1.0005270643143708842,0.086912876852413625817,0.3804313839880165693,0.10073582363145162921,568,568,-0.13400197029113769531,0,0
1.6568070813029376511e-06,2.9853279415674651709,0.0097371891606477904701,0.10482819226418524372,1.000613979093560868,0.086925407450789513031,0.38043140366386646312,0.10085693034569227777,569,569,-0.13383083045482635498,0,0
1.7034570617595952858e-06,2.9829510613913994277,0.0097517202801571962328,0.10555842673626959771,1.0007147485786036523,0.086939930501238590899,0.38043142675241403694,0.10099727117770525286,570,570,-0.13365969061851501465,0,0
1.7574399158344553041e-06,2.9802065895811082896,0.0097685383905972335977,0.10638495949412497821,1.0008314297112144153,0.086956739977068042702,0.38043146039411579462,0.10115965911967328417,571,571,-0.13348855078220367432,0,0
1.8198036228526194866e-06,2.9770440389022496674,0.0097879712343587246121,0.10731643627829673404,1.0009663070542966778,0.086976162150883579161,0.38043150158710836717,0.10134724094538850869,572,572,-0.13331741094589233398,0,0
1.8917115592499964082e-06,2.9734081535306557953,0.009810382833818114684,0.10836120864324706725,1.0011219442112377909,0.086998562165078494046,0.38043155861261773731,0.10156350477376521746,573,573,-0.1331462860107421875,0,0
1.9744441679876475287e-06,2.9692390034799038823,0.009836174179272304946,0.10952703357768801828,1.0013011496684041113,0.087024339479558052157,0.38043162959709048154,0.10181228879392927034,574,574,-0.13297514617443084717,0,0
2.0693967490498423841e-06,2.9644725886346541266,0.009865782502729311329,0.11082074149223242188,1.001507014812687224,0.08705393243823504601,0.38043172430614308199,0.10209776762068634159,575,575,-0.13280400633811950684,0,0
2.1780722224592347758e-06,2.9590415105692264852,0.0098996791777442496446,0.11224788847798508606,1.0017428599744546691,0.087087810817688307563,0.38043184219754977438,0.10242443330475183016,576,576,-0.1326328665018081665,0,0
2.3020676861456547699e-06,2.9528762768321534793,0.0099383654364236812678,0.11381241354211713013,1.0020122489093232776,0.087126476968991339866,0.38043199464581051172,0.10279704632350740445,577,577,-0.13246172666549682617,0,0
2.4430536990680881348e-06,2.945906761867295387,0.0099823659965436566111,0.11551632509374018531,1.002318903999803279,0.087170453944419815095,0.38043218223821545498,0.1032205746356515963,578,578,-0.13229058682918548584,0,0
2.6027454844826812082e-06,2.9380643658213618785,0.010032219863633997856,0.11735944214271208652,1.0026666874332372803,0.087220281901377608169,0.38043241750313466776,0.10370009641823930979,579,579,-0.13211944699287414551,0,0
2.7828657307931053829e-06,2.9292843129840111516,0.010088468669960697771,0.11933921430014750309,1.0030594773263461494,0.087276500740859852545,0.38043270114260252512,0.1042406879389354557,580,580,-0.13194830715656280518,0,0
2.9850993533138308928e-06,2.9195085622535383862,0.010151642147298061553,0.12145064025494405058,1.0035011122123929095,0.087339641417229774145,0.38043304542068356877,0.10484727484157170541,581,581,-0.13177716732025146484,0,0
3.2110414686812583462e-06,2.9086886401809866065,0.010222241642381743251,0.12368629759098641319,1.0039952299745540376,0.087410203486319573707,0.38043344905113746224,0.10552447457843516787,582,582,-0.13160602748394012451,0,0
3.4621408178467051488e-06,2.8967887771814702091,0.010300721841884576471,0.12603648800553865494,1.0045451864919150431,0.087488642977152586422,0.38043392162088385255,0.10627641295797207732,583,583,-0.13143488764762878418,0,0
3.7396418456690817178e-06,2.8837885235394677963,0.010387472304784910876,0.12848949248970065184,1.0051538762757457057,0.087575347604405398561,0.38043445699087685696,0.10710655035810968949,584,584,-0.13126374781131744385,0,0
4.0445294030724831752e-06,2.8696851850544011775,0.010482799501801523187,0.13103192167249483324,1.0058236544375074306,0.08767062535890358943,0.38043505945130107193,0.10801750442577938427,585,585,-0.13109260797500610352,0,0
4.3774804225619406517e-06,2.8544952058109056559,0.010586911394623145857,0.13364913865608651911,1.0065561740935702328,0.087774682306528378772,0.38043571562480449355,0.1090109102730734969,586,586,-0.13092146813869476318,0,0
4.738826760402804754e-06,2.8382549361182265457,0.010699905289532001679,0.13632572597353617705,1.0073523519299449891,0.08788761751479404194,0.38043642325831689144,0.11008730338055124076,587,587,-0.13075032830238342285,0,0
5.1285326626738140813e-06,2.8210200058255021638,0.010821760760625772149,0.13904596563278112664,1.0082122596981752949,0.088009408602024941093,0.38043716147551165374,0.11124606536333712936,588,588,-0.13057918846607208252,0,0
5.5461890405836637155e-06,2.8028639865199393988,0.010952337659203042336,0.14179430168430870451,1.0091351656786351487,0.088139917484186466878,0.38043792296739664671,0.11248540829223900583,589,589,-0.13040804862976074219,0,0
5.9910251289902217444e-06,2.7838757375038691855,0.011091380108066078297,0.14455575833565345589,1.0101194988512305351,0.088278886240489101711,0.38043868192888935509,0.1138024310007117873,590,590,-0.13023690879344940186,0,0
6.4619364034161455273e-06,2.7641563957212293978,0.011238525345058583346,0.14731629265432566456,1.0111629721156587536,0.088425954528649514108,0.38043943002321262137,0.11519320890992805484,591,591,-0.13006576895713806152,0,0
6.9575261304850004866e-06,2.7438155084969979569,0.011393317330855608563,0.15006306845651476434,1.0122626073190330587,0.088580664121592281313,0.38044014078631871456,0.11665294412765853105,592,592,-0.12989462912082672119,0,0
7.4761568547333425645e-06,2.7229674324793964324,0.011555223091113510717,0.15278464596944046905,1.0134149175345095184,0.088742484854937866978,0.38044080955416398337,0.11817612536001471935,593,593,-0.12972348928451538086,0,0
8.0160075982414948369e-06,2.7017274264006578832,0.011723651274064338795,0.15547108917470758849,1.0146159585236009804,0.088910822959223048678,0.38044141296038591626,0.11975672413333469934,594,594,-0.12955234944820404053,0,0
8.5751325920586417089e-06,2.6802085755535909328,0.011897970694780898512,0.15811399867456282786,1.015861534287344492,0.089085050471664886662,0.38044195327763746795,0.12138837112242609195,595,595,-0.1293812096118927002,0,0
9.1515178479144529693e-06,2.658518760568536532,0.012077528611252618534,0.1607064818791755223,1.0171472373148187085,0.08926451189800291286,0.38044241187470151377,0.12306454661679741558,596,596,-0.12921008467674255371,0,0
9.7431326937198660404e-06,2.6367587590858598823,0.01226166687742143678,0.16324307440436758299,1.018468647494959356,0.089448552748442933247,0.38044279889903681591,0.1247787279111155917,597,597,-0.12903894484043121338,0,0
1.0347974317550468685e-05,2.6150204406287049785,0.012449736349965333931,0.16571962679451918143,1.0198213355424297077,0.089636520684738901776,0.38044309984734347996,0.12652453962956713984,598,598,-0.12886780500411987305,0,0
1.096410429845485236e-05,2.593386132799498256,0.012641108230747046329,0.16813316973124459164,1.0212010408176386278,0.089827791032833378959,0.38044333184743256426,0.12829584922938355729,599,599,-0.12869666516780853271,0,0
1.1589676874241760929e-05,2.5719279063311049072,0.012835183314491471068,0.17048176892596497711,1.0226036281545380913,0.090021760849040080577,0.38044348258038851451,0.13008686612223333001,600,600,-0.12852552533149719238,0,0
1.2222959327942502943e-05,2.5507079292136420889,0.013031398215969956789,0.1727643787095887451,1.0240252444276627397,0.090217871390281173527,0.38044357449472543387,0.13189218347992939795,601,601,-0.12835438549518585205,0,0
1.2862345262658047768e-05,2.5297784761549007015,0.013229229895640248066,0.17498070090765174833,1.0254622304345044626,0.090415595244964244714,0.38044359522113996297,0.13370683213511791454,602,602,-0.12818324565887451172,0,0
1.3506361795011063504e-05,2.5091828863926828319,0.013428197730796519876,0.17713105356106975674,1.0269112642163242821,0.090614457015622110192,0.38044357097569603265,0.13552627910177944548,603,603,-0.12801210582256317139,0,0
1.4153671754424216478e-05,2.4889559215142855741,0.013627864553845441681,0.1792162521382634488,1.0283692347333588391,0.090814014447907778771,0.38044348746542439033,0.13734644973497359133,604,604,-0.12784096598625183105,0,0
1.4803071986917327798e-05,2.469124999550597277,0.013827835929581960145,0.18123750456906739803,1.029833382348273263,0.091013878989988611368,0.38044337363665270413,0.13916369689536201015,605,605,-0.12766982614994049072,0,0
1.5453488738124440102e-05,2.4497106217137911699,0.014027759028290983159,0.18319632025746954151,1.0313011415290191941,0.091213691935698198998,0.38044321197231550924,0.14097480525300015719,606,606,-0.12749868631362915039,0,0
1.6103970997218941107e-05,2.4307276683286382912,0.014227320346894233721,0.18509443261513916501,1.0327702879235149958,0.091413146403787698402,0.38044303367224691081,0.14277694336516280615,607,607,-0.12732754647731781006,0,0
1.6753682502918171483e-05,2.4121857288663659524,0.014426243475678789813,0.18693373407690566657,1.0342387556571324136,0.091611959246973309612,0.38044281720979389316,0.14456766103830487324,608,608,-0.12715640664100646973,0,0
1.7401893009299335239e-05,2.394090348844227556,0.014624286176127406292,0.18871622242141553039,1.0357047982085392235,0.091809895669030347487,0.38044259599302276964,0.14634483308218843023,609,609,-0.12698526680469512939,0,0
1.8047969239236401546e-05,2.3764431864644270931,0.014821237751464887838,0.19044395699898930552,1.0371667837258435885,0.092006737305158750595,0.38044234406179278096,0.1481066569691451007,610,610,-0.12681412696838378906,0,0
1.8691365879976907545e-05,2.3592431711611681067,0.015016916064751494042,0.19211902358550300707,1.0386233746885014106,0.092202310362517955755,0.38044209725506383801,0.14985159361862895877,611,611,-0.12664298713207244873,0,0
1.933161683918079951e-05,2.3424864658364117354,0.015211164921574475695,0.19374350653429811553,1.0400733028530091406,0.092396449980329559137,0.38044182496828216067,0.15157836949707811924,612,612,-0.1264718472957611084,0,0
1.996832694420502878e-05,2.3261675383381397175,0.015403851357226626406,0.19531946711751810297,1.0415155709332319933,0.092589032519061267856,0.38044156582820148893,0.15328591721749185162,613,613,-0.12630070745944976807,0,0
2.0601164165282951919e-05,2.3102789372047287664,0.015594863223735176694,0.19684892696381445232,1.0429492075275124119,0.092779936099473991895,0.38044128447989927766,0.15497338405066446443,614,614,-0.12612956762313842773,0,0
2.1229852438859293182e-05,2.2948122960144692328,0.015784106905900877754,0.19833385573755643594,1.0443734928333192613,0.092969077489017018512,0.38044102274029517607,0.15664007346357361472,615,615,-0.1259584277868270874,0,0
2.1854165091616363444e-05,2.279757942246475988,0.015971505168232057181,0.19977616222737928919,1.0457876931540210919,0.093156368590946073138,0.38044074043721137768,0.15828546066560433836,616,616,-0.12578728795051574707,0,0
2.2473918882512495355e-05,2.2651058601092195488,0.016156995360132080791,0.20117768823106907394,1.047191311882887943,0.093341758267890082013,0.38044048297496824151,0.15990913526600841754,617,617,-0.12561614811420440674,0,0
2.3088968622526862359e-05,2.2508451543808059014,0.016340527500615369128,0.20254020463255362206,1.04858380280766883,0.093525184484266582485,0.38044020530191918761,0.16151082372895200767,618,618,-0.12544502317905426025,0,0
2.3699202360975044312e-05,2.2369649964275786225,0.016522062981376216956,0.20386540925440779781,1.0499648471211620038,0.093706621345185384109,0.38043995677738123851,0.16309033287069030216,619,619,-0.12527388334274291992,0,0
2.4304537081326271292e-05,2.2234539627727989419,0.016701572827948533984,0.20515492606017363131,1.0513340446057850563,0.093886026566871949584,0.38043968739811534485,0.16464757872901020219,620,620,-0.12510274350643157959,0,0
2.4904914884599611635e-05,2.2103009854316471028,0.016879036887494269087,0.20641030543624597215,1.0526912171415745423,0.09406339397614350839,0.38043945080736080167,0.16618253045417569203,621,621,-0.12493159621953964233,0,0
2.550029959998335142e-05,2.1974945813367208203,0.017054442188735540603,0.20763302525918464481,1.0540360768628731503,0.094238695978570694023,0.38043919196469877519,0.16769524495122861696,622,622,-0.124760456383228302,0,0
2.6090673799232716646e-05,2.1850238238924779566,0.017227782596158546652,0.20882449258139199055,1.055368556460332119,0.094411941747032351868,0.38043896908676977375,0.16918581071327090659,623,623,-0.12458931654691696167,0,0
2.6676036158012226217e-05,2.1728774756741877638,0.017399057187182574019,0.20998604573445031618,1.0566884534907077242,0.094583114365244774779,0.38043872199860190308,0.17065438756441939083,624,624,-0.12441818416118621826,0,0
2.7256399143439519894e-05,2.1610449941839973143,0.017568270357850673119,0.2111189567529138944,1.0579957876563799157,0.094752234925375808383,0.38043851374316361991,0.17210115005704357261,625,625,-0.12424704432487487793,0,0
2.7831786977460573054e-05,2.1495155770231493264,0.01773543013796249207,0.21222443398274007387,1.059290420576526115,0.094919294038834423066,0.38043827890553294502,0.17352633166640332729,626,626,-0.1240759044885635376,0,0
2.8402233859433327493e-05,2.1382792115496438434,0.017900548740383458168,0.21330362482279319192,1.0605724401450276062,0.095084322057910772297,0.38043808557558711492,0.17493016747768574959,627,627,-0.12390476465225219727,0,0
2.8967782404870904867e-05,2.1273256391659014497,0.018063640739615131892,0.2143576185081244867,1.061841755212555638,0.095247314662559395826,0.38043786298908716104,0.17631294222565502272,628,628,-0.12373362481594085693,0,0
2.9528482287836395987e-05,2.1166454559789706913,0.01822472406495848421,0.21538744891219252509,1.0630985070549332505,0.095408309417036804567,0.38043768447531256527,0.17767493210742704712,629,629,-0.1235624849796295166,0,0
3.0084389051086782437e-05,2.1062290009161688253,0.018383817973325743134,0.21639409730712994007,1.0643426385580505578,0.095567305158809470744,0.38043747381102988037,0.17901645610429592348,630,630,-0.12339134514331817627,0,0
3.0635563074931686169e-05,2.0960675124966190452,0.018540944494300524298,0.21737849507646930802,1.065574332764632759,0.095724345096938917576,0.38043730973313216737,0.1803378168599025777,631,631,-0.12322020530700683594,0,0
3.118206867544106697e-05,2.0861519440844702444,0.018696126132996152697,0.21834152634025863482,1.0667935562909369729,0.095879429746198077678,0.38043711045235678592,0.18163935475890788385,632,632,-0.12304906547069549561,0,0
3.172397332558459372e-05,2.0764741803818296262,0.018849387781989589835,0.21928403049658470869,1.0680005248564488074,0.09603260676902057591,0.38043696026034462543,0.18292138790266299075,633,633,-0.12287792563438415527,0,0
3.2261346975736230464e-05,2.0670257821390678465,0.019000754094337771877,0.22020680465385006341,1.0691952207901633809,0.096183877213974935949,0.38043677169968020957,0.1841842684479258474,634,634,-0.12270678579807281494,0,0
3.2794261468887514325e-05,2.0577992648626901584,0.019150251883243155776,0.22111060596243956033,1.0703778853832899287,0.096333292297323819264,0.38043663474540695413,0.18542832179222096256,635,635,-0.12253565341234207153,0,0
3.3322790032085694263e-05,2.0487867746226022803,0.019297907108872806164,0.2219961538302848425,1.0715485104628073021,0.096480852720057380667,0.38043645617636479006,0.18665390469529599682,636,636,-0.1223645135760307312,0,0
3.384700684043713499e-05,2.0399814306394916663,0.019443747791462937663,0.22286413203238539249,1.0727073573417025276,0.096626612578575937773,0.38043633176327035228,0.18786134385474470565,637,637,-0.12219337373971939087,0,0
3.4366986639642276404e-05,2.0313759333761520764,0.01958780055839957554,0.22371519070615578095,1.073854422548565779,0.096770571548528777628,0.38043616243329198001,0.18905099534446109799,638,638,-0.12202223390340805054,0,0
3.4882804423759004669e-05,2.0229639720525751656,0.01973009410039151465,0.22454994824208052151,1.0749899830833546943,0.096912786106973375366,0.38043604985037043908,0.19022318281920205796,639,639,-0.12185109406709671021,0,0
3.5394535158077588589e-05,2.0147387659183388919,0.01987065522747116092,0.225368993067064316,1.0761140364947536785,0.09705325438438373864,0.38043588901045333195,0.19137825780934156206,640,640,-0.12167995423078536987,0,0
3.5902253543645865866e-05,2.0066945372825051308,0.020009512900997526719,0.22617288532817184099,1.0772268720826014832,0.097192034873017252306,0.3804357875548683432,0.19251653784245334466,641,641,-0.12150881439447402954,0,0
3.6406033816807823714e-05,1.9988249866884089112,0.020146693748943237529,0.22696215847845255253,1.078328485610548837,0.097329123760750757555,0.38043563447762318575,0.19363836713364798725,642,642,-0.12133767455816268921,0,0
3.6905949579730832418e-05,1.9911248316976819517,0.02028222670895427418,0.22773732077005612306,1.0794191760292910498,0.097464581292430269022,0.38043554346928964982,0.19474405495441349245,643,643,-0.12116653472185134888,0,0
3.7402073658415147472e-05,1.9835882165924139109,0.020416137954613871458,0.22849885665984867589,1.0804989352014564563,0.097598401410757790186,0.38043539746022220216,0.19583393625402376048,644,644,-0.12099539488554000854,0,0
3.7894477983283866743e-05,1.9762103168869116221,0.020548456186712631133,0.22924722812987372023,1.0815680696536338345,0.097730645929269971406,0.3804353162507017605,0.19690831064208663692,645,645,-0.12082425504922866821,0,0
3.8383233491697996663e-05,1.9689856841402970655,0.020679206923206353702,0.22998287593085628422,1.0826265657738824988,0.097861306316395585414,0.3804351766547560687,0.19796750246995784006,646,646,-0.1206531226634979248,0,0
3.8868410046380985905e-05,1.9619099159635822183,0.02080841847733839664,0.23070622074807006774,1.0836747360354705982,0.09799044583050589563,0.38043510463219248896,0.19901180082480318667,647,647,-0.12048198282718658447,0,0
3.9350076371726387843e-05,1.9549779365200599113,0.020936115564822919272,0.23141766430040372482,1.084712560205926879,0.098118053293589316266,0.38043497083701838246,0.20004151859151542148,648,648,-0.12031084299087524414,0,0
3.9828300000680709036e-05,1.9481857316330104535,0.021062326008588264786,0.2321175903688860731,1.0857403554213729269,0.09824419333060595283,0.38043490742835367469,0.20105693388348050421,649,649,-0.12013970315456390381,0,0
4.0303147236626621667e-05,1.9415285655695444511,0.021187073617374672929,0.23280636576790386671,1.0867580940203720452,0.098368851989044048256,0.38043477886532528487,0.20205834759574622939,650,650,-0.11996856331825256348,0,0
4.0774683121538278778e-05,1.935002780723913185,0.02131038565770735152,0.23348434125236081083,1.0877660967851232598,0.098492095216671224356,0.38043472353669866015,0.20304602672183375001,651,651,-0.11979742348194122314,0,0
4.1242971417139615237e-05,1.9286039513136756796,0.021432284958645152206,0.23415185237623442616,1.0887643280835506143,0.098613906192576733512,0.38043459968045328923,0.20402025989842298426,652,652,-0.11962628364562988281,0,0
4.1708074588826293588e-05,1.9223287470072394356,0.021552798192198789617,0.2348092202928643013,1.0897531115329346374,0.098734352169411399025,0.38043455193638647804,0.20498130307896150759,653,653,-0.11945514380931854248,0,0
4.2170053801269765693e-05,1.9161730242034269445,0.021671947159436148744,0.23545675251452322096,1.0907324032001557423,0.09885341339041536779,0.38043443230340850958,0.20592943255924678336,654,654,-0.11928400397300720215,0,0
4.2628968913890227213e-05,1.9101337528835324875,0.021789757920976458166,0.23609474361880875004,1.0917025288842996389,0.098971158414403709314,0.38043439168522374949,0.2068648934977518894,655,655,-0.11911286413669586182,0,0
4.3084878487206315395e-05,1.9042070461920845847,0.021906251220083498149,0.23672347592140149941,1.0926634361884652868,0.099087564501783118032,0.3804342758318399742,0.20778794990047524949,656,656,-0.11894172430038452148,0,0
4.3537839786634160261e-05,1.8983901497189896723,0.022021452505125053284,0.23734322010006372872,1.0936154525603982712,0.099202701532887516134,0.38043424191562574821,0.20869883649520939994,657,657,-0.11877058446407318115,0,0
4.3987908796751006089e-05,1.8926794101482684596,0.022135381445677681372,0.23795423579133687109,1.0945585171099985189,0.099316543754123104426,0.38043412943566345952,0.20959780514301973309,658,658,-0.11859945207834243774,0,0
4.4435140230956265918e-05,1.8870723261116313374,0.022248062888973529211,0.23855677214227929972,1.0954929584912789231,0.099429162392818598581,0.38043410183001785674,0.21048508058941739485,659,659,-0.11842831224203109741,0,0
4.4879587551484802677e-05,1.8815654567208506265,0.022359515425416552625,0.23915106834054764007,1.0964187073976914277,0.099540528662413085836,0.38043399235232616684,0.21136090275902838509,660,660,-0.11825717240571975708,0,0
4.532130298305185747e-05,1.8761565330784508721,0.022469763321065042844,0.23973735410275998081,1.0973360933147151552,0.099650715169778844582,0.38043397069598516858,0.21222548692098525125,661,661,-0.11808603256940841675,0,0
4.5760337536964445506e-05,1.8708423075569029503,0.022578824089334169345,0.24031585014622480756,1.0982450386809936571,0.099759690085818392147,0.38043386388191136049,0.21307906131281853512,662,662,-0.11791489273309707642,0,0
4.6196741027323517514e-05,1.8656207250032079692,0.022686721441498473167,0.24088676862169969284,1.0991458734882311177,0.099867527434232300498,0.38043384784140621413,0.21392183227059327622,663,663,-0.11774375289678573608,0,0
4.66305620979769818e-05,1.8604887136737451314,0.022793471821729131832,0.24145031353398205276,1.1000385121498170715,0.099974192341025863717,0.38043374338232982534,0.21475401661783982687,664,664,-0.11757261306047439575,0,0
4.7061848240198901388e-05,1.8554444151260969242,0.022899098417467404071,0.24200668112584269864,1.1009232848738181865,0.10007976028695766968,0.38043373264969848613,0.21557581232316910813,665,665,-0.11740147322416305542,0,0
4.749064582153282257e-05,1.8504849177616904399,0.023003616615321541283,0.24255606025376721946,1.1018000983324878206,0.10018419335628704625,0.38043363026465432108,0.21638742508018340982,666,666,-0.11723033338785171509,0,0
4.7917000104135371128e-05,1.8456085443591825346,0.023107049112972042476,0.24309863272897469511,1.1026692826847255269,0.10028756852864276206,0.3804336245552734086,0.21718904506667580101,667,667,-0.11705919355154037476,0,0
4.8340955274792579222e-05,1.840812529217705551,0.023209410253835348337,0.24363457365378554664,1.1035307371897329354,0.1003898448538794036,0.38043352398870861064,0.21798086713194933517,668,668,-0.11688805371522903442,0,0
4.8762554463320856237e-05,1.8360953622513564998,0.023310722281917738152,0.24416405172487484765,1.1043847917073186249,0.1004911008528554528,0.38043352303924432567,0.21876307424228247367,669,669,-0.11671692132949829102,0,0
4.9181839773220528385e-05,1.8314544107634096459,0.023410998513550173444,0.24468722953503591055,1.1052313384473635427,0.10059129255153011206,0.38043342405892122127,0.21953585068296394001,670,670,-0.11654578149318695068,0,0
4.9598852299685331261e-05,1.8268883189900408937,0.023510260776320717618,0.24520426384315377466,1.1060707067294885952,0.10069050005412058524,0.38043342762543175262,0.22029937278464675754,671,671,-0.11637464165687561035,0,0
5.0013632160496472915e-05,1.8223945755709227701,0.023608521376587952162,0.24571530584551817822,1.1069027821069632456,0.10078867637557258063,0.38043333002047619029,0.2210538145385959885,672,672,-0.11620350182056427002,0,0
5.0426218513313998324e-05,1.8179719674016772135,0.023705801763304355789,0.24622050141642778942,1.1077278931217067193,0.10088590324478562132,0.38043333787665817303,0.22179934620794092281,673,673,-0.11603236198425292969,0,0
5.0836649586521128245e-05,1.8136180938985926314,0.0238021132504268422,0.24671999135267017045,1.1085459190868307555,0.10098213068033098927,0.38043324145576207229,0.22253613174616038162,674,674,-0.11586122214794158936,0,0
5.1244962695564751272e-05,1.8093318739935093653,0.02389747694609457504,0.24721391158816843903,1.1093571875284937711,0.10107744207588557905,0.38043325339133782226,0.22326433590610930691,675,675,-0.11569008231163024902,0,0
5.1651194273542488293e-05,1.8051110083199539691,0.023991903189477924857,0.2477023934147833395,1.1101615719556827688,0.10117178446956825999,0.3804331579811054409,0.22398411284362088058,676,676,-0.11551894247531890869,0,0
5.2055379886430854105e-05,1.800954538160655094,0.024085412785402892516,0.24818556367398000861,1.1109593986370420726,0.1012652429583987268,0.3804331738003468022,0.22469562234562123759,677,677,-0.11534780263900756836,0,0
5.2457554263270333582e-05,1.7968602567095313116,0.024178015115609272773,0.24866354495670583979,1.1117505357297943203,0.10135776161688486718,0.38043307924377983698,0.22539900899286460789,678,678,-0.11517666280269622803,0,0
5.2857751310174561239e-05,1.7928273187607566275,0.024269730718521557999,0.24913645577467991021,1.1125353079971962433,0.10144942728221698069,0.38043309876416203652,0.2260944281364968278,679,679,-0.1150055229663848877,0,0
5.3256004140016982888e-05,1.7888536022259358127,0.024360568035321470554,0.24960441074175296339,1.1133135787108028314,0.10154018108277294841,0.38043300491928222495,0.22678201498632064026,680,680,-0.11483439058065414429,0,0
5.3652345085156312714e-05,1.7849383673340251111,0.024450547374162422826,0.25006752072709698131,1.1140856708726096791,0.10163011163086635436,0.38043302797026590234,0.22746192097293149725,681,681,-0.11466325074434280396,0,0
5.4046805726564295499e-05,1.7810795696058048243,0.024539676251900132548,0.25052589302015182415,1.114851443346296378,0.10171915712665297038,0.38043293470885308771,0.2281342721205100732,682,682,-0.11449211090803146362,0,0
5.4439416905233878384e-05,1.7772765673161767808,0.024627974781632665235,0.25097963146771029574,1.1156112171073659933,0.10180740799056746393,0.38043296113077018639,0.22879921643912098927,683,683,-0.11432097107172012329,0,0
5.483020875071617777e-05,1.7735273871488279607,0.02471544957137363635,0.25142883662429577063,1.1163648470995382045,0.10189479951271829261,0.38043286833721279283,0.22945687093383768107,684,684,-0.11414983123540878296,0,0
5.5219210691201072632e-05,1.7698314786562969747,0.024802120573375101287,0.25187360587489365793,1.1171126519961647183,0.10198142395266497628,0.38043289798025936577,0.23010738067901612136,685,685,-0.11397869139909744263,0,0
5.5606451481451334682e-05,1.7661869338364302173,0.024887993501474667962,0.25231403357237680574,1.1178544833178043483,0.10206721370878982236,0.3804328055505082351,0.23075085380856613648,686,686,-0.11380755156278610229,0,0
5.5991959211563341065e-05,1.7625932873110203847,0.024973088180227070304,0.25275021114742218797,1.1185906571488526406,0.10215226290878140492,0.38043283827383117535,0.23138743293101871057,687,687,-0.11363641172647476196,0,0
5.637576133430239288e-05,1.7590486910826872435,0.025057409443103150631,0.25318222723440564348,1.1193210220914879827,0.10223650107767869033,0.38043274611446409317,0.23201721743891931538,688,688,-0.11346527189016342163,0,0
5.675788467256283928e-05,1.7555527591397699361,0.02514097701901569018,0.25361016776985667587,1.1200458913425257457,0.10232002423831448867,0.38043278178533390665,0.23264034793033661064,689,689,-0.1132941320538520813,0,0
5.7138355446119532802e-05,1.7521036986675422309,0.025223794874000674687,0.25403411610807258292,1.1207651110977876474,0.10240275906076261314,0.38043268981267852613,0.23325691516863794606,690,690,-0.11312299221754074097,0,0
5.7517199277816834831e-05,1.7487011977748541103,0.025305882672288042973,0.25445415310930535879,1.1214789913558580459,0.1024848034880706249,0.38043272830573832133,0.23386705818283365366,691,691,-0.11295185983180999756,0,0
5.789444121975923348e-05,1.7453435144479458874,0.025387243524531886985,0.25487035724619677701,1.1221873764248988525,0.10256608135367541179,0.38043263644509289767,0.23447085920232416112,692,692,-0.11278071999549865723,0,0
5.8270105758263613185e-05,1.7420304060832498827,0.025467897060143584315,0.25528280468274927584,1.1228905727822757754,0.10264669254400871079,0.3804326776416849798,0.23506845611509546989,693,693,-0.11260958015918731689,0,0
5.8644216839517841029e-05,1.738760177484644176,0.025547845545580882137,0.25569156937255510531,1.1235884233734869664,0.1027265580741183737,0.38043258582661065859,0.23565992269550095628,694,694,-0.11243844032287597656,0,0
5.9016797873336422728e-05,1.7355326508769945981,0.025627108604224440452,0.25609672312948295048,1.1242812308191969528,0.10280577979514610165,0.38043262961415957868,0.23624539610584666116,695,695,-0.11226730048656463623,0,0
5.9387871758318052024e-05,1.7323461742591883539,0.025705687668672570073,0.25649833571855851222,1.1249688372332709019,0.10288427592189922088,0.38043253778583047131,0.23682494172876231153,696,696,-0.1120961606502532959,0,0
5.9757460884446652347e-05,1.7292006305638689678,0.025783602384012886677,0.25689647491919226363,1.1256515410316356718,0.102962150289774651,0.38043258405727847782,0.2373986964042276715,697,697,-0.11192502081394195557,0,0
6.0125587157782902227e-05,1.7260944076891273635,0.025860853358499778093,0.2572912066094724115,1.1263291840334550553,0.10303931833138056662,0.38043249216389357636,0.23796671717158801584,698,698,-0.11175388097763061523,0,0
6.0492272001952899086e-05,1.7230274454616802959,0.025937460285644441116,0.25768259482266403504,1.1270020600892936002,0.10311588588419948187,0.38043254081720467852,0.23852914094054811223,699,699,-0.1115827411413192749,0,0
6.0857536382409100533e-05,1.7199981686793748281,0.026013422958082170477,0.25807070182558866644,1.1276700112662869646,0.10319176561656674684,0.38043244881344978614,0.23908601644144328313,700,700,-0.11141160130500793457,0,0
6.1221400806850290069e-05,1.717006570527841669,0.026088761143479126392,0.25845558816904468102,1.1283333264764900949,0.10326706538423822967,0.38043249975114934447,0.23963748103515047916,701,701,-0.11124046146869659424,0,0
6.1583885349087753597e-05,1.7140511099743354073,0.026163473826817620904,0.25883731276087185158,1.1289918485833956296,0.10334169510908729206,0.38043240759771490556,0.24018357516377794592,702,702,-0.11106932163238525391,0,0
6.194500964843868186e-05,1.7111318302811187042,0.026237580874704867495,0.25921593291087030586,1.1296458611749304879,0.10341576467975757692,0.38043246072647224354,0.2407244370109299092,703,703,-0.1108981892466545105,0,0
6.2304792933233658979e-05,1.708247222099104734,0.026311080471711215806,0.25959150439908240671,1.1302952084650277342,0.10348918128935948035,0.38043236838960536872,0.24126009873843665132,704,704,-0.11072704941034317017,0,0
6.2663254019225568666e-05,1.7053973757148994661,0.026383992607263331842,0.25996408151572530931,1.1309401683194610921,0.10356205687253473846,0.38043242361985218913,0.2417906997149518733,705,705,-0.11055590957403182983,0,0
6.3020411332772642045e-05,1.7025808111996998395,0.026456314672073835692,0.26033371712516373275,1.1315805868624888575,0.10363429591122574891,0.38043233107095325574,0.24231626381779380885,706,706,-0.1103847697377204895,0,0
6.3376282908303511652e-05,1.6997976630214817195,0.026528066801399817487,0.26070046270131508326,1.1322167358274068949,0.10370601239774897284,0.38043238831655090681,0.24283693195440583801,707,707,-0.11021362990140914917,0,0
6.3730886411210058997e-05,1.6970464786109433764,0.026599245597995511275,0.26106436838773600106,1.132848463814454032,0.10377710812037141408,0.3804322955318077959,0.24335271970177105305,708,708,-0.11004249006509780884,0,0
6.4084239134407606987e-05,1.6943274339650926663,0.026669871365132540031,0.26142548302891077672,1.1334760360019051628,0.10384769913939302655,0.380432354709719589,0.24386376985191635103,709,709,-0.10987135022878646851,0,0
6.4436358020969673158e-05,1.6916391019978991306,0.026739939922890379465,0.26178385422682837191,1.134099304037652578,0.10391768456681274579,0.3804322616697714543,0.24437008965465836785,710,710,-0.10970021039247512817,0,0
6.4787259659820922329e-05,1.6889816977570344392,0.026809471763948797968,0.26213952836852155714,1.1347185261102383791,0.10398718253991766358,0.38043232269979015969,0.24487182412503721851,711,711,-0.10952907055616378784,0,0
6.5136960308145362242e-05,1.6863538179319399468,0.026878461930411892689,0.26249255067947246944,1.135333557492911094,0.10405608951176309462,0.38043222938942050648,0.24536897214840133752,712,712,-0.10935793071985244751,0,0
6.5485475886247008419e-05,1.683755714301233164,0.026946931125013381947,0.26284296524773065329,1.1359446489377507117,0.10412452570438852917,0.38043229219389834705,0.24586168129446803188,713,713,-0.10918679088354110718,0,0
6.5832821999761676575e-05,1.6811860057759344667,0.027014873616029271008,0.26319081507445007961,1.1365516599272731391,0.10419238492915905425,0.38043219860175286895,0.24634994203683541203,714,714,-0.10901565849781036377,0,0
6.6179013933719051262e-05,1.6786449786909043436,0.027082310336181417837,0.26353614209488140929,1.1371548333184418045,0.10425978949945312324,0.38043226310537442414,0.24683390482532938104,715,715,-0.10884451866149902344,0,0
6.6524066674586576024e-05,1.6761312727654977817,0.027149234783545226485,0.26387898722631158988,1.1377540333932421035,0.10432663060213420714,0.38043216922370537425,0.24731355166502830278,716,716,-0.10867337882518768311,0,0
6.6867994903564123739e-05,1.6736452068487970291,0.027215668140088737637,0.26421939038619518536,1.1383494946430159356,0.10439303264738587773,0.38043223535326370355,0.24778903620557918286,717,717,-0.10850223898887634277,0,0
6.7210813018487333519e-05,1.6711854401839707496,0.027281603136825170741,0.26455739053774063319,1.1389410867459517362,0.10445888421470560237,0.38043214117770124405,0.24826033191771199049,718,718,-0.10833109915256500244,0,0
6.7552535126385145547e-05,1.6687523222136955159,0.027347061223586741768,0.26489302570541956028,1.1395290353454463617,0.10452431181548114958,0.38043220886189932362,0.2487275959654009494,719,719,-0.10815995931625366211,0,0
6.7893175065267548471e-05,1.6663445305384803063,0.027412034367000129992,0.26522633301841830322,1.1401132161192706338,0.10458920143893478405,0.38043211439123131301,0.24919079321053974607,720,720,-0.10798881947994232178,0,0
6.8232746395973883392e-05,1.6639624433851905039,0.027476544302773995426,0.26555734872374020528,1.1406938453688724167,0.10465368170104538681,0.38043218356050340079,0.24965008464118848552,721,721,-0.10781767964363098145,0,0
6.8571262423869680904e-05,1.6616047556534181417,0.02754058223538936867,0.26588610822772024145,1.141270805381803477,0.1047176360178137533,0.38043208879648660048,0.25010542642764532761,722,722,-0.10764653980731964111,0,0
6.8908736190012270079e-05,1.6592718726468680401,0.027604170203868547834,0.26621264610691436348,1.1418443026118496597,0.10478119511223232818,0.38043215938282731736,0.250556983687516166,723,723,-0.10747539997100830078,0,0
6.9245180492778592488e-05,1.6569625056053582934,0.027667298652377967511,0.26653699614785436589,1.142414226573592595,0.10484423984410651265,0.38043206433000809064,0.25100470380880751664,724,724,-0.10730426013469696045,0,0
6.9580607878373134149e-05,1.6546770852957293219,0.027729989940146908267,0.26685919135590002726,1.1429807733557908467,0.10490690304494658391,0.38043213626681932071,0.25144875634025504185,725,725,-0.10713312774896621704,0,0
6.9915030662408929113e-05,1.6524143384304690318,0.027792233752474224812,0.26717926399339564369,1.1435438403245075101,0.10496906303537049954,0.38043204093236343555,0.25188907978928737341,726,726,-0.10696198791265487671,0,0
7.0248460919779674608e-05,1.6501747197119998045,0.027854052785172771223,0.26749724558664195184,1.1441036126744965618,0.10503085475603803067,0.38043211415431271716,0.2523258484338559704,727,727,-0.10679084807634353638,0,0
7.0580910506214686664e-05,1.6479569705419947478,0.0279154359657573653,0.26781316696260065724,1.1446599962551600171,0.10509215400537499918,0.38043201854786556915,0.25275899179521277294,728,728,-0.10661970824003219604,0,0
7.0912391047537207752e-05,1.6457615681099426741,0.027976406342516010883,0.26812705825412980198,1.1452131648266845598,0.10515309783299217616,0.38043209299076180541,0.25318868917552533881,729,729,-0.10644856840372085571,0,0
7.1242913961211651016e-05,1.6435872678007192871,0.028036952085918623312,0.26843894893536712765,1.1457630333611845685,0.10521355953211006251,0.38043199712429959236,0.25361486099723112853,730,730,-0.10627742856740951538,0,0
7.1572490445008022622e-05,1.6414345679152286817,0.028097096612159137841,0.26874886782535889473,1.1463097636321757378,0.10527367826030385733,0.3804320727249657641,0.25403769187895969273,731,731,-0.10610628873109817505,0,0
7.1901131498560102886e-05,1.6393022371869296894,0.028156827335079952224,0.26905684312224209531,1.1468532803816420262,0.10533332482257691531,0.38043197661267513787,0.25445709302491875681,732,732,-0.10593514889478683472,0,0
7.2228847911454590941e-05,1.6371907937195722127,0.028216168053776056329,0.26936290240538457441,1.1473937328327421525,0.10539264048272940777,0.38043205330884244386,0.25487325466004068231,733,733,-0.10576400905847549438,0,0
7.2555650284816512892e-05,1.6350990190265808355,0.028275105425573002216,0.2696670726684738395,1.1479310561524120882,0.10545149357454058903,0.38043195696700732311,0.2552860786443233998,734,734,-0.10559286922216415405,0,0
7.2881549018840720657e-05,1.6330274497677961243,0.028333663647050342377,0.2699693803202757314,1.148465386438168867,0.10551002746557881784,0.38043203469721009746,0.25569576109676311892,735,735,-0.10542172938585281372,0,0
7.3206554334421020569e-05,1.6309748797288865507,0.02839182861884072262,0.2702698512167289735,1.148996669945161031,0.10556810803540607469,0.3804319381441048642,0.25610219440082665487,736,736,-0.10525058954954147339,0,0
7.3530676260139449154e-05,1.628941862936057694,0.028449624949202282492,0.27056851066041925913,1.1495250290583658437,0.1056258807522172799,0.38043201684758609638,0.25650558085555658083,737,737,-0.10507945716381072998,0,0
7.3853924653954273918e-05,1.626927204995921139,0.02850703778162565899,0.27086538343176891352,1.1500504217927369766,0.10568320905838145263,0.38043192010337795184,0.25690580322940753666,738,738,-0.10490831732749938965,0,0
7.4176309189662157132e-05,1.624931476164002575,0.028564092149872065407,0.27116049378731543751,1.1505729562221134188,0.10574024051892307041,0.38043199971999169806,0.25730307028596272056,739,739,-0.10473717749118804932,0,0
7.4497839378659665524e-05,1.6229534934687581682,0.028620772439585516478,0.27145386549007832766,1.151092602801488729,0.10579683615607111957,0.38043190280665778458,0.25769725503419743662,740,740,-0.10456603765487670898,0,0
7.4818524555891278288e-05,1.6209938423065559654,0.028677104123507067557,0.27174552180672190138,1.1516094546832407186,0.10585314562725556264,0.38043198327680000093,0.25808857298552911885,741,741,-0.10439489781856536865,0,0
7.5138373901698202162e-05,1.6190513507771169266,0.028733070828483156522,0.27203548553717427083,1.1521234954513266402,0.10590902755164362248,0.38043188621803686322,0.25847688723915179798,742,742,-0.10422375798225402832,0,0
7.5457396427265681317e-05,1.617126618374090441,0.028788698479383777185,0.27232377901074850124,1.1526348027146222641,0.10596463367405307976,0.38043196748256186135,0.2588624203366676757,743,743,-0.10405261814594268799,0,0
7.5775600996571030482e-05,1.6152184839628691559,0.02884396994307511855,0.27261042411508129568,1.1531433738839342862,0.10601982022770041481,0.38043187030371677926,0.25924502531149679063,744,744,-0.10388147830963134766,0,0
7.6092996311341739267e-05,1.6133275601323588955,0.028898911609394371119,0.27289544229127932207,1.1536492703907659241,0.10607474103920110087,0.38043195230386789296,0.25962493201708464197,745,745,-0.10371033847332000732,0,0
7.6409590933115950607e-05,1.61145269624980636,0.028953505583825971115,0.27317885456224066942,1.1541525041798210705,0.1061292499729702965,0.38043185503186799368,0.2600019832595321656,746,746,-0.10353919863700866699,0,0
7.6725393267721794951e-05,1.6095945170358274545,0.029007778733717973219,0.27346068152688762787,1.1546531198594656153,0.10618350293128339668,0.38043193770921046593,0.26037641648532450223,747,747,-0.10336805880069732666,0,0
7.7040411587461088286e-05,1.6077518821346239442,0.029061712401562599106,0.27374094338792726022,1.1551511446247080261,0.10623735142694562539,0.38043184037250332707,0.26074806410625339659,748,748,-0.10319692641496658325,0,0
7.7354654015120589148e-05,1.6059254274705232479,0.029115333944485347756,0.27401965994522736736,1.1556466056030254563,0.10629095343122876849,0.38043192366885886235,0.26111717144282048375,749,749,-0.10302578657865524292,0,0
7.7668128546290042839e-05,1.6041140227760781745,0.029168623940176427456,0.27429685062306857768,1.1561395459657335394,0.10634415812256720058,0.38043182629735861067,0.26148356034016451144,750,750,-0.10285464674234390259,0,0
7.7980843032913736723e-05,1.6023183142842398752,0.029221610247543480798,0.274572534462714124,1.1566299746895642997,0.10639712553405926421,0.38043191015474653316,0.26184748427378562452,751,751,-0.10268350690603256226,0,0
7.8292805205753692008e-05,1.6005371816611517755,0.029274272677475291632,0.27484673014920196765,1.1571179516579468416,0.10644970252705887592,0.38043181277977666799,0.26220875434456591968,752,752,-0.10251236706972122192,0,0
7.8604022657490028305e-05,1.5987712805837879237,0.029326639602419310449,0.2751194560031552383,1.1576034670148385164,0.10650205118883634969,0.3804318971403577998,0.26256763246419634328,753,753,-0.10234122723340988159,0,0
7.8914502865339345404e-05,1.5970195005287173284,0.02937869006428296681,0.27539073000715869055,1.1580865981016048583,0.10655401608101146282,0.38043179979460695073,0.26292391880652266067,754,754,-0.10217008739709854126,0,0
7.9224253173710971511e-05,1.5952825057806432341,0.029430452960576378163,0.27566056979685260586,1.1585673155350975083,0.1066057613369037621,0.38043188460063775969,0.26327788400102158928,755,755,-0.10199894756078720093,0,0
7.9533280816990441914e-05,1.5935591955329493352,0.029481906561872397998,0.27592899268693421577,1.1590457148706292401,0.10665712923580232541,0.38043178731811533311,0.26362931710661852147,756,756,-0.1018278077244758606,0,0
7.9841592901758800193e-05,1.5918502418678850407,0.029533080302048382582,0.27619601566157464534,1.1595217464912488392,0.10670828594850502447,0.38043187251189131137,0.26397849775278670048,757,757,-0.10165666788816452026,0,0
8.0149196429749684756e-05,1.5901545536297636563,0.029583951677822642456,0.27646165540008293959,1.1599955249326436846,0.10675907148943575287,0.38043177532788430284,0.26432520369059270271,758,758,-0.10148552805185317993,0,0
8.0456098279638296657e-05,1.5884728099125569045,0.02963455067053418629,0.27672592826668163113,1.1604669796248234803,0.10680965405786405076,0.3804318608516941147,0.26466972383249209866,759,759,-0.10131439566612243652,0,0
8.0762305230181201301e-05,1.5868039291714404193,0.029684854000372559724,0.27698885033586817528,1.1609362448610132112,0.10685987142088600177,0.38043176380274607018,0.26501182442377835269,760,760,-0.10114325582981109619,0,0
8.1067823941580099273e-05,1.5851485967488396778,0.029734892207033722378,0.27725043738158278162,1.1614032283861834838,0.10690989379681030413,0.38043184959882975216,0.26535180394384511038,761,761,-0.10097211599349975586,0,0
8.1372660978812840654e-05,1.5835057406951522641,0.029784641231350498375,0.27751070490229862164,1.161868085039120313,0.10695955672301207806,0.38043175272269158516,0.26568941692933523147,762,762,-0.10080097615718841553,0,0
8.1676822792577311451e-05,1.5818760518587644537,0.029834132182088954344,0.27776966810961245535,1.1623307001350471346,0.10700903242700464391,0.38043183873319746935,0.26602497171168748569,763,763,-0.1006298363208770752,0,0
8.1980315742821819138e-05,1.5802584678925704065,0.029883340217750416212,0.27802734195309353193,1.1627912498573931277,0.10705815423412205767,0.38043174206880475685,0.26635821091110400971,764,764,-0.10045869648456573486,0,0
8.2283146079273336636e-05,1.5786536844277934133,0.029932297026709006604,0.27828374110832426735,1.1632495963339901657,0.10710709637085367996,0.38043182823575322216,0.26668945299748081368,765,765,-0.10028755664825439453,0,0
8.2585319965175282169e-05,1.577060648748668914,0.029980976982018559679,0.27853888000153603777,1.163705937903285248,0.10715568996824927084,0.38043173182320133563,0.26701842846190460001,766,766,-0.1001164168119430542,0,0
8.2886843457404416947e-05,1.5754800605640382205,0.03002941236203471656,0.27879277279712533222,1.1641601127349754385,0.10720411124116224766,0.38043181808843801184,0.26734546620061605537,767,767,-0.099945276975631713867,0,0
8.3187722530423215735e-05,1.5739108768386231851,0.030077576751113964393,0.27904543342210119672,1.1646123421445162549,0.10725218914420098226,0.38043172196896291037,0.26767028435804746112,768,768,-0.099774137139320373535,0,0
8.3487963055988887676e-05,1.5723538006703385861,0.030125503027809062001,0.27929687555310117597,1.165062439559387153,0.10730010186959385021,0.38043180827412520495,0.26799322254629770468,769,769,-0.099602997303009033203,0,0
8.3787570827328157388e-05,1.5708077987726856151,0.030173163984399960225,0.27954711264067411136,1.1655106501058554169,0.10734767621343889454,0.38043171249007401435,0.26831398634076336629,770,770,-0.099431864917278289795,0,0
8.4086551538441485346e-05,1.5692735769594539086,0.030220593109707542118,0.27979615789581691043,1.1659567616717261274,0.10739509233399022192,0.38043179877656135845,0.26863292636070035257,771,771,-0.099260725080966949463,0,0
8.4384910808506724067e-05,1.5677501117793946062,0.030267762400428020741,0.28004402431411490326,1.1664010440398360213,0.10744217488685352258,0.3804317033713757179,0.26894973538524979961,772,772,-0.099089585244655609131,0,0
8.4682654160781817764e-05,1.5662381111032710468,0.030314705965582805502,0.28029072466181964574,1.1668432587472701289,0.10748910598460603705,0.38043178958031226289,0.26926477533404435949,773,773,-0.098918445408344268799,0,0
8.4979787047244530001e-05,1.5647365614186596883,0.030361395002657123876,0.28053627149986704037,1.1672837010914880462,0.10753570816047558489,0.38043169459851988723,0.26957772595792672821,774,774,-0.098747305572032928467,0,0
8.527631482709519472e-05,1.5632461720075758738,0.030407864250674966622,0.28078067716951454758,1.1677221054339832484,0.10758216546931048674,0.38043178067071903303,0.26988896077220514425,775,775,-0.098576165735721588135,0,0
8.5572242791639427156e-05,1.5617659394163077025,0.030454084104164842739,0.28102395381625594473,1.1681587934573944842,0.10762829834017519082,0.38043168615790856624,0.27019814626254390344,776,776,-0.098405025899410247803,0,0
8.586757614239314885e-05,1.5602965737045590977,0.030500089941834930551,0.28126611337503476529,1.1685934715088346358,0.10767429275780053544,0.38043177203384537233,0.27050566783744400823,777,777,-0.098233886063098907471,0,0
8.6162320016215030978e-05,1.5588370816126912999,0.030545851351396025725,0.28150716759407429235,1.1690264885393997218,0.10771996706540393207,0.38043167803666272375,0.2708111784756723206,778,778,-0.098062746226787567139,0,0
8.6456479463014592954e-05,1.5573881733558136986,0.030591404360806880025,0.28174712801968176956,1.1694575220288625506,0.10776550916487652454,0.380431763656445876,0.27111507577878973807,779,779,-0.097891606390476226807,0,0
8.6750059471141317065e-05,1.5559488660184039865,0.03063671774698846495,0.2819860060200103935,1.1698869490930108306,0.10781073533201118719,0.38043167022257384779,0.2714169989721074705,780,780,-0.097720466554164886475,0,0
8.7043064944697392756e-05,1.5545198693591315564,0.030681828196608591786,0.28222381276946917339,1.1703144174769977148,0.10785583537281247246,0.38043175552591040889,0.27171735815259046021,781,781,-0.097549326717853546143,0,0
8.7335500729188882932e-05,1.5531002109705280834,0.03072670367172150932,0.28246055927243174377,1.1707403333708354953,0.10790062351418608366,0.38043166270407108298,0.27201577854069003415,782,782,-0.097378194332122802734,0,0
8.7627371588444509824e-05,1.5516905995526111273,0.030771381527059528393,0.28269625634726530672,1.1711643139031728822,0.10794529145287833083,0.38043174763024478757,0.27231268303373007411,783,783,-0.097207054495811462402,0,0
8.7918682230535337516e-05,1.5502900733833131497,0.030815828905626389822,0.28293091465000108631,1.1715867952612062375,0.10798965138555913224,0.38043165547018142902,0.27260768259101825217,784,784,-0.09703591465950012207,0,0
8.8209437284299938215e-05,1.548899339510546147,0.030860083839482618795,0.28316454465799401063,1.1720073630605332138,0.10803389688603318164,0.38043173995802403997,0.27290121321794158504,785,785,-0.096864774823188781738,0,0
8.8499641325538323713e-05,1.5475174470877368638,0.03090411264829486665,0.2833971566935687969,1.1724264844221956583,0.10807783813950445906,0.38043164851050059738,0.27319287135148567769,786,786,-0.096693634986877441406,0,0
8.8789298853144074815e-05,1.5461451009254374434,0.030947954050624480044,0.28362876090732114243,1.1728437125371933281,0.10812167058283854437,0.38043173249836159666,0.27348310641566181411,787,787,-0.096522495150566101074,0,0
8.9078414315578972752e-05,1.5447813612547602879,0.030991573538417957479,0.28385936730175270748,1.173259546411115517,0.10816520240867129321,0.38043164181515631839,0.27377150005905037666,788,788,-0.096351355314254760742,0,0
8.9366992086611183742e-05,1.543426930071102765,0.031035010525826762368,0.28408898571422352974,1.1736735058836400558,0.10820863090262310136,0.38043172524088025854,0.27405851543783676938,789,789,-0.09618021547794342041,0,0
8.9655036492076919377e-05,1.5420808788971700487,0.031078229672596005551,0.2843176258405882284,1.1740861228098360414,0.10825176228378788346,0.38043163537478530412,0.27434371914116006952,790,790,-0.096009075641632080078,0,0
8.9942551785224811854e-05,1.5407439063422538883,0.031121271097478184209,0.28454529721780930096,1.1744968827359165697,0.10829479567192872025,0.38043171817568544046,0.27462758837404066536,791,791,-0.095837935805320739746,0,0
9.0229542173769943024e-05,1.5394150954457082037,0.031164098623442468977,0.28477200924760559531,1.1749063513458757324,0.10833753533175817518,0.38043162918049588939,0.2749096743901736084,792,792,-0.095666795969009399414,0,0
9.0516011794843827536e-05,1.5380951408660172852,0.031206753082781250874,0.28499777117873498211,1.1753139789347575306,0.10838018220227030319,0.38043171129333341884,0.27519046876329616991,793,793,-0.095495663583278656006,0,0
9.0801964742346800768e-05,1.5367831373950411322,0.031249197457018932506,0.28522259213066597505,1.1757203660096344766,0.10842253861309227025,0.38043162322385376539,0.27546950713064544125,794,794,-0.095324523746967315674,0,0
9.1087405041503189751e-05,1.535479775181373574,0.031291473300860982165,0.28544648107553799443,1.1761249266408568825,0.10846480730723929986,0.38043170458481068152,0.27574729575791440128,795,795,-0.095153383910655975342,0,0
9.1372336676517074421e-05,1.5341841610155952935,0.031333542749627907309,0.28566944686186596103,1.1765282971677730739,0.10850678869869263832,0.38043161749685372452,0.2760233543798213951,796,796,-0.09498224407434463501,0,0
9.1656763564731914481e-05,1.5328969799826066556,0.031375448089244577232,0.28589149819618497883,1.1769298544463704381,0.10854868731897734935,0.38043169804150700486,0.27629820428069684635,797,797,-0.094811104238033294678,0,0
9.1940689584595850382e-05,1.531617351127824378,0.031417150603982778312,0.28611264366679850513,1.1773302716728319961,0.10859030168601919997,0.38043161199189479138,0.27657134900160534885,798,798,-0.094639964401721954346,0,0
9.2224118549423848108e-05,1.5303459539232389108,0.031458693319736434624,0.28633289172511339205,1.1777288874827973597,0.10863183810404557217,0.38043169165519163943,0.27684332517578774668,799,799,-0.094468824565410614014,0,0
9.2507054235678475886e-05,1.5290819199349259261,0.031500036664795817709,0.28655225070944073673,1.1781264129694311027,0.10867309321467102934,0.38043160670175873994,0.27711361985437893418,800,800,-0.094297684729099273682,0,0
9.2789500356333306521e-05,1.5278259224770056601,0.031541224413717094954,0.28677072882602733239,1.1785221475254368251,0.10871427507871979368,0.38043168541800126414,0.27738278535348176446,801,801,-0.09412654489278793335,0,0
9.3071460589474509523e-05,1.5265771059112913655,0.031582216133792688495,0.28698833417291819137,1.1789168411969537242,0.10875517848139680532,0.38043160161959133081,0.27765029193286855369,802,802,-0.093955405056476593018,0,0
9.3352938551263911797e-05,1.5253361368528095543,0.031623056356885205498,0.28720507472068973476,1.1793097530944072204,0.10879601322372621508,0.38043167932241184204,0.27791670792925293743,803,803,-0.093784265220165252686,0,0
9.3633937824867165007e-05,1.5241021727432420008,0.031663703784188632073,0.28742095833638220403,1.1797016732890102109,0.10883657225456645767,0.38043159673888810035,0.27818148650439139535,804,804,-0.093613132834434509277,0,0
9.391446193301463503e-05,1.522875872960671062,0.031704203713467903059,0.28763599276393941873,1.1800918195524432441,0.10887706709844706399,0.38043167336121830324,0.27844521235726560349,805,805,-0.093441992998123168945,0,0
9.419451436726140295e-05,1.5216564083194592527,0.03174451397463955854,0.28785018564821912568,1.1804810230696045625,0.1089172888881163731,0.38043159205346366303,0.2787073212397017663,806,806,-0.093270853161811828613,0,0
9.447409856014411301e-05,1.5204444304258628584,0.031784680639922908985,0.2880635445151438212,1.1808684591996354563,0.10895745085461937263,0.38043166752752594073,0.27896841455861831616,807,807,-0.093099713325500488281,0,0
9.4753217914778445092e-05,1.5192391237682743022,0.03182466066269589583,0.28827607679579647648,1.1812550013463591903,0.10899734233499998315,0.38043158755744665989,0.27922791033867966348,808,808,-0.092928573489189147949,0,0
9.5031875776609874744e-05,1.518041131648758979,0.031864500898147206376,0.2884877898062869761,1.1816397813650552084,0.1090371782495381664,0.38043166181472576337,0.27948642704454429442,809,809,-0.092757433652877807617,0,0
9.5310075463353726441e-05,1.5168496525393171392,0.031904157417777669059,0.28869869077193971441,1.1820237160007451838,0.1090767461601588606,0.38043158324526510361,0.27974336465111415695,810,810,-0.092586293816566467285,0,0
9.5587820236337568865e-05,1.5156653209077783906,0.031943677868220041183,0.28890878680687914759,1.182405892495578037,0.10911626265879610653,0.38043165621648727948,0.27999935903481193433,811,811,-0.092415153980255126953,0,0
9.5865113330789906922e-05,1.5144873495273782904,0.031983017433682613129,0.2891180849383175322,1.1827872720753396241,0.10915551355302577363,0.38043157911162128748,0.28025379179275250463,812,812,-0.092244014143943786621,0,0
9.6141957926771081646e-05,1.5133163635034658778,0.032022224560686755879,0.28932659208586158917,1.1831668962417347668,0.10919471708856298697,0.38043165072673434945,0.2805073165714954686,813,813,-0.092072874307632446289,0,0
9.6418357179816049094e-05,1.5121515902359194961,0.032061253540658647687,0.28953431508590699028,1.1835457718584758702,0.10923365733959382318,0.3804315751514854016,0.28075929625687279234,814,814,-0.091901734471321105957,0,0
9.6694314191451562245e-05,1.5109936449410510395,0.032100153628418691409,0.28974126067066990897,1.1839228935410504029,0.10927255418744134807,0.38043164533963846896,0.28101040262838122841,815,815,-0.091730594635009765625,0,0
9.6969832040198606867e-05,1.5098417699784834056,0.032138878217046071284,0.28994743549269430538,1.184299314966126726,0.10931118999405507741,0.38043157136008154406,0.28125997952152992365,816,816,-0.091559462249279022217,0,0
9.7244913751672436633e-05,1.5086965701501051651,0.032177477378045667156,0.29015284610361047335,1.1846739826985581701,0.10934978625789604223,0.38043164004960100533,0.28150871721611830933,817,817,-0.091388322412967681885,0,0
9.7519562329950561295e-05,1.5075573031158755466,0.032215903600512185712,0.29035749897876161896,1.185047998421221882,0.10938812365003199034,0.38043156773287506445,0.28175594015268784487,818,818,-0.091217182576656341553,0,0
9.7793780727252938067e-05,1.5064245627388743731,0.032254207780993991717,0.29056140049569184614,1.1854202594649110303,0.10942642526728892094,0.38043163485124564804,0.28200235748336038855,819,819,-0.091046042740345001221,0,0
9.806757187568017418e-05,1.505297622327268714,0.032292341498893914475,0.29076455695889780184,1.1857919167304944441,0.10946447011141555161,0.38043156426555807537,0.28224727390341047828,820,820,-0.090874902904033660889,0,0
9.8340938656471435075e-05,1.5041770642816967296,0.032330356484138907114,0.29096697457804765463,1.1861618171120167364,0.1095024828585273724,0.38043162973940558569,0.28249141781405268103,821,821,-0.090703763067722320557,0,0
9.8613883932118675374e-05,1.5030621779136004168,0.03236820340066134255,0.29116865949286424575,1.1865311619589067327,0.10954024086282637684,0.380431560954042014,0.28273407380926779409,822,822,-0.090532623231410980225,0,0
9.8886410515198320094e-05,1.5019535336379812307,0.032405934820081569447,0.29136961775107672601,1.1868987465062210696,0.10957797036033774252,0.38043162470910601991,0.28297598992099870507,823,823,-0.090361483395099639893,0,0
9.9158521200867094127e-05,1.5008504371316082615,0.03244350048501663808,0.29156985533343993122,1.1872658238017250731,0.10961544707971085377,0.38043155779444715048,0.28321643028011966869,824,824,-0.090190343558788299561,0,0
9.9430218735264400045e-05,1.4997534463008255212,0.032480953817076642365,0.29176937813142067579,1.187631136179360114,0.10965289879719136712,0.38043161975556843979,0.28345616293591163748,825,825,-0.090019203722476959229,0,0
9.9701505848395600789e-05,1.4986618835568144004,0.03251824363164702858,0.2919681919723591812,1.1879959896543972331,0.10969009963809024655,0.38043155478309237383,0.28369443118845266705,826,826,-0.089848063886165618896,0,0
9.9972385222100825018e-05,1.4975762937741721181,0.032555424208608740866,0.29216630259689019278,1.1883590723973915804,0.10972727889887601282,0.3804316148741830883,0.28393202349604979018,827,827,-0.089676931500434875488,0,0
0.0001002428595233316119,1.4964960164743008608,0.032592443430135967231,0.29236371568425234546,1.1887217446801461307,0.10976420912396871177,0.38043155191647870517,0.28416816195437560877,828,828,-0.089505791664123535156,0,0
0.0001005129313716828643,1.4954215829767250057,0.032629356442646022252,0.292560436829445214,1.1890826392270750222,0.10980112110974805939,0.38043161006051323669,0.28440365582761972796,829,829,-0.089334651827812194824,0,0
0.00010078260337306797854,1.4943523502956228555,0.032666110189055193314,0.29275647156869122334,1.1894431718755920091,0.10983778584242377685,0.38043154919129257285,0.28463770562744000747,830,830,-0.089163511991500854492,0,0
0.00010105187808681011003,1.4932888356715774414,0.032702760690572145463,0.29295182535632952048,1.1898019186004777925,0.10987443559766178758,0.38043160531028463733,0.28487114182605222101,831,831,-0.08899237215518951416,0,0
0.00010132075805972190019,1.4922304140007538464,0.032739253944742564839,0.29314650359043542549,1.1901603521342443148,0.10991083982638125138,0.38043154660439382209,0.28510314296540995027,832,832,-0.088821232318878173828,0,0
0.00010158924579275207015,1.4911775879202067152,0.032775646855811184366,0.29334051158945173565,1.1905169903774399653,0.1099472322625904136,0.3804316006193683708,0.28533456113328897752,833,833,-0.088650092482566833496,0,0
0.00010185734377547481341,1.4901297506037896046,0.032811884469779117879,0.29353385461797043554,1.1908733643080038345,0.10998338084508851864,0.38043154415280006075,0.28556455251010426366,834,834,-0.088478952646255493164,0,0
0.00010212505445228823458,1.4890873895595375664,0.032848024582162578533,0.29372653786310165547,1.1912279324062093888,0.11001952074495895129,0.38043159598377929154,0.28579399121221760183,835,835,-0.088307812809944152832,0,0
0.00010239238025731934385,1.4880499166412091139,0.032884011281180000608,0.29391856646042263668,1.1915822852668473963,0.11005541841230419287,0.38043154183368821375,0.28602201066043603239,836,836,-0.0881366729736328125,0,0
0.00010265932358016952963,1.4870178037012462546,0.032919903261846308884,0.29410994547008439959,1.1919348205821007625,0.11009131043368841629,0.38043159139967180904,0.2862495074183274979,837,837,-0.087965533137321472168,0,0
0.00010292588680124133474,1.4859904816817468554,0.032955643648303251103,0.29430067990293251601,1.1922871899565763432,0.11012696179420437825,0.3804315396443846975,0.28647559174274844773,838,838,-0.08779440075159072876,0,0
0.00010319207225702657193,1.4849684062517889416,0.032991292043283097779,0.29449077469635120963,1.192637728904432759,0.11016261047397153672,0.38043158686332823049,0.28670118306877856451,839,839,-0.087623260915279388428,0,0
0.00010345788227586064166,1.4839510278566871992,0.033026790600492905714,0.29468023474056098676,1.1929881514548124066,0.11019802001702316829,0.38043153758235681572,0.28692536807858121106,840,840,-0.087452121078968048096,0,0
0.00010372331914274896718,1.4829387854527567026,0.033062199838601681601,0.2948690648541996695,1.1933367295315906453,0.1102334297747794567,0.38043158237115481946,0.28714908950888229366,841,841,-0.087280981242656707764,0,0
0.00010398838513555483062,1.4819311494096998327,0.033097460934463591997,0.29505726981080132587,1.1936852410252967172,0.11026860187443583705,0.38043153564521348109,0.28737141004994781746,842,842,-0.087109841406345367432,0,0
0.00010425308248935949266,1.4809285414400699121,0.033132635330898989323,0.29524485431411423564,1.194031892834466424,0.11030377701611895902,0.38043157791967341375,0.28759329617619172614,843,843,-0.0869387015700340271,0,0
0.00010451741343308918472,1.479930452265289631,0.033167663221434690035,0.29543182302476478363,1.1943785281704288881,0.1103387159346888996,0.38043153383068639695,0.28781378616224229106,844,844,-0.086767561733722686768,0,0
0.0001047813801534045494,1.4789372858213893913,0.033202606981254337293,0.29561818053531213613,1.1947232874482291987,0.11037366065604423127,0.3804315735055145975,0.28803387066225211166,845,845,-0.086596421897411346436,0,0
0.00010504498483177287377,1.4779485536150180902,0.033237405814024977013,0.29580393139710198236,1.1950680806822588931,0.11040837054749506885,0.38043153213663638557,0.28825256310484620448,846,846,-0.086425282061100006104,0,0
0.00010530822960788201236,1.4769646412709203087,0.033272123035505682398,0.29598908009505675576,1.1954109803224712838,0.11044308893743161326,0.38043156912541165049,0.28847087877209837137,847,847,-0.086254142224788665771,0,0
0.00010557111661716347235,1.4759850815205532992,0.033306696852917656859,0.29617363107472316486,1.1957539646919002063,0.11047757385069528757,0.38043153056104539456,0.288687805809559217,848,848,-0.086083002388477325439,0,0
0.00010583364795372644156,1.4750102411405723313,0.033341191530804559218,0.29635758871679768189,1.1960950367699214603,0.11051206989453338236,0.38043156477620526656,0.28890438458162681634,849,849,-0.085911870002746582031,0,0
0.00010609582570833785131,1.474039674532967803,0.033375544273298383968,0.29654095736437197095,1.1964362447173517712,0.11054633377669480232,0.38043152910200661587,0.28911957750690447932,850,850,-0.085740730166435241699,0,0
0.00010635765193087089869,1.4730737290870672407,0.033409820301944323506,0.29672374129719236713,1.1967755205134815721,0.11058061135930259689,0.38043156045482456884,0.28933445049287781492,851,851,-0.085569590330123901367,0,0
0.00010661912866874875491,1.4721119813272640631,0.033443955811084460916,0.29690594475910786487,1.1971149837099792634,0.11061465805869080681,0.38043152775772703933,0.2895479397804323618,852,852,-0.085398450493812561035,0,0
0.00010688025792890259449,1.471154758713982158,0.03347801698748155419,0.29708757193206236646,1.197452493731925971,0.1106487209675132144,0.38043155615828561089,0.289761137287344539,853,853,-0.085227310657501220703,0,0
0.00010714104171668466833,1.4702016603517829019,0.033511939008939520268,0.29726862696374889428,1.1977902430994180616,0.11068255423668518778,0.38043152652651668344,0.28997295261905386976,854,854,-0.085056170821189880371,0,0
0.00010740148199733081183,1.4692529932281122029,0.033545789035655075583,0.29744911394133388693,1.1981260171042198426,0.11071640616467774698,0.38043155188369093267,0.29018450417738189673,855,855,-0.084885030984878540039,0,0
0.00010766158073534922519,1.4683083794914975062,0.033579501222093154078,0.29762903691932157679,1.1984620828371912449,0.1107500296633022463,0.38043152540678398799,0.29039467446752464941,856,856,-0.084713891148567199707,0,0
0.00010792133985548217504,1.4673681051096092443,0.033613143710105930495,0.29780839989300905701,1.1987961498524331017,0.11078367421176574248,0.38043154762822650738,0.29060460885577044099,857,857,-0.084542751312255859375,0,0
0.00010818076128257660769,1.4664318157447588931,0.033646649623965900477,0.29798720682656493208,1.1991305614389871081,0.11081709150941269904,0.38043152439703781242,0.29081316227511916361,858,858,-0.084371611475944519043,0,0
0.0001084398469020397452,1.4654997757951868653,0.033680088095408344806,0.29816546162621332394,1.1994629497833240173,0.1108505321907328478,0.38043154338915347035,0.29102150754352701378,859,859,-0.084200471639633178711,0,0
0.00010869859860019800979,1.4645716549127973938,0.033713391211609260167,0.29834316816853123644,1.1997957360256228387,0.11088374676957211962,0.38043152349588171823,0.29122847154259157154,860,860,-0.084029331803321838379,0,0
0.00010895701822424074087,1.4636476953738051243,0.033746629102419115065,0.29852033027336027926,1.2001264733286856057,0.11091698700986836468,0.38043153916380484381,0.29143525503602424331,861,861,-0.083858199417591094971,0,0
0.00010921510762307384097,1.4627275913014805564,0.033779732810964531453,0.29869695173232574392,1.2004576623627334353,0.11095000226727716464,0.38043152270200536469,0.29164065636746799859,862,862,-0.083687059581279754639,0,0
0.00010947286860674630118,1.4618115622943677057,0.033812773473448284878,0.29887303628147487977,1.2007867755844074953,0.11098304540896447579,0.38043153494957915317,0.29184590474747323929,863,863,-0.083515919744968414307,0,0
0.00010973030298780506024,1.4608993274347912283,0.033845681081948020275,0.29904858763002223343,1.201116394899252926,0.11101586466005056164,0.38043152201418439784,0.29204976948773719858,864,864,-0.083344779908657073975,0,0
0.00010998741254019807714,1.4599910830847546706,0.033878527787263017224,0.29922360943271203437,1.2014439103484146898,0.11104871396431904851,0.38043153074394092661,0.29225350875385308624,865,865,-0.083173640072345733643,0,0
0.00011024419904113735575,1.4590865737793490275,0.033911242523372929492,0.29939810531879373912,1.2017719868047749276,0.11108134044436100696,0.38043152143127850762,0.29245586232402565052,866,866,-0.083002500236034393311,0,0
0.00011050066422947304881,1.4581859720818302062,0.033943898463925488429,0.2995720788641071386,1.2020979301574281628,0.11111399909357264071,0.38043152654442280447,0.29265811783432404969,867,867,-0.082831360399723052979,0,0
0.00011075680984807069246,1.4572890484797196287,0.033976423477706400866,0.29974553362029171533,1.20242449000571483,0.11114643596037930562,0.38043152095222859677,0.29285898502028012702,868,868,-0.082660220563411712646,0,0
0.00011101263760165044621,1.4563959511719117845,0.034008891769470556143,0.29991847308659252969,1.2027488863224997662,0.11117890706038310866,0.38043152234860561078,0.29305978151120343211,869,869,-0.082489080727100372314,0,0
0.00011126814919968553059,1.4555064771039221139,0.034041230135670945411,0.30009090073930738685,1.2030739552203570941,0.11121115739657760901,0.38043152057604850969,0.29325918648303334058,870,870,-0.082317940890789031982,0,0
0.00011152334631370081617,1.4546207495411440647,0.034073513820435136212,0.30026282000331172561,1.2033968289636438609,0.11124344397895524761,0.38043151815413167594,0.29345854808854332507,871,871,-0.08214680105447769165,0,0
0.00011177823062069846801,1.4537385923986758662,0.034105668540697707536,0.30043423428174714784,1.2037204319928926921,0.11127551079418251945,0.3804315203018293623,0.29365651441930662457,872,872,-0.081975668668746948242,0,0
0.00011203280375991008324,1.4528601034355665966,0.034137770588234195301,0.30060514692726325592,1.2040418070432390429,0.11130761581841507046,0.38043151395869284626,0.29385446468936260445,873,873,-0.08180452883243560791,0,0
0.00011228706737675676593,1.4519851340539997597,0.034169744593233790375,0.30077556127195159696,1.2043639687263789639,0.11133950205148057666,0.38043152012873304724,0.29405101537320099681,874,874,-0.081633388996124267578,0,0
0.00011254102307904813177,1.4511137559301898747,0.034201667903399270154,0.30094548059830228404,1.2046838683985272578,0.11137142840704677971,0.38043150976002915176,0.2942475772916035015,875,875,-0.081462249159812927246,0,0
0.00011279467248148369797,1.4502458484768245839,0.034233464054907701557,0.30111490816938685233,1.2050046127146831765,0.11140313692798271827,0.3804315200559899024,0.2944427347612095236,876,876,-0.081291109323501586914,0,0
0.00011304801716129248034,1.4493814567068892263,0.034265211459677917538,0.30128384719952799875,1.2053230597731159346,0.11143488743639196059,0.380431505555933136,0.29463793076283723016,877,877,-0.081119969487190246582,0,0
0.00011330105870328305718,1.4485204885730751379,0.034296832552563182028,0.30145230088473495833,1.205642410173507928,0.11146642104845702614,0.38043152008289882193,0.29483171690633069861,878,878,-0.08094882965087890625,0,0
0.00011355379865491694181,1.4476629618407423905,0.03432840681799716881,0.30162027237308369765,1.2059594268474191914,0.11149799846521075974,0.38043150134423581177,0.29502556889377268279,879,879,-0.080777689814567565918,0,0
0.0001138062385719140697,1.4468088135380527959,0.034359855582158635445,0.30178776479540919686,1.2062774062703862654,0.11152935990682619205,0.38043152020881670916,0.29521800507099715816,880,880,-0.080606549978256225586,0,0
0.00011405837997275425431,1.4459580335942887608,0.034391259410303458288,0.30195478123539365445,1.2065930142682932402,0.11156076692332123068,0.38043149712281026931,0.29541053443062698092,881,881,-0.080435410141944885254,0,0
0.00011431022438484453492,1.4451105886545869694,0.034422538512544682832,0.30212132476051906105,1.206909645153873889,0.11159195886994512092,0.38043152043316513788,0.29560164148888595781,882,882,-0.080264270305633544922,0,0
0.00011456177329844211574,1.4442664402195117823,0.034453774543277429498,0.30228739839186147265,1.2072238656777394272,0.11162319811531314084,0.38043149288957001097,0.29579286910638608044,883,883,-0.080093137919902801514,0,0
0.00011481302821339124513,1.4434255850987653957,0.034484886589117698386,0.30245300513530753994,1.2075391699818038838,0.1116542231812533148,0.38043152075542840951,0.29598266739563544592,884,884,-0.079921998083591461182,0,0
0.00011506399059246050936,1.4425879557673022546,0.034515957401925173587,0.30261814795105229647,1.2078520237406749072,0.11168529722413866878,0.38043148864246584262,0.29617261367098091096,885,885,-0.07975085824728012085,0,0
0.0001153146619086564803,1.4417535797529259511,0.034546904937354155907,0.30278282978508336276,1.2081660229486475,0.11171615796430837964,0.38043152117514944521,0.29636112305851147752,886,886,-0.079579718410968780518,0,0
0.00011556504359796875014,1.4409223599037976893,0.034577813053060325876,0.30294705353837997341,1.2084775301719576923,0.11174706931459268966,0.38043148437948332008,0.29654980792046803373,887,887,-0.079408578574657440186,0,0
0.00011581513710726776083,1.4400943550254388104,0.034608598566235486416,0.30311082209866879733,1.2087902453120971114,0.11177776822620875963,0.38043152169192318013,0.29673704780508813883,888,888,-0.079237438738346099854,0,0
0.00011606494384645023429,1.4392694377336132661,0.034639346448670560452,0.30327413830932092864,1.2091004257625319607,0.11180851933667862452,0.38043148009864086179,0.2969244907252028276,889,889,-0.079066298902034759521,0,0
0.00011631446523692889493,1.4384476986772518625,0.034669972371559353019,0.3034370050013834863,1.2094118774188264975,0.11183905886090535209,0.38043152230540133729,0.29711048005092971502,890,890,-0.078895159065723419189,0,0
0.00011656370266317164113,1.4376289796295296242,0.034700562429177302104,0.30359942496217245944,1.2097207504047839954,0.1118696521288668061,0.38043147579798458624,0.29729670005706809732,891,891,-0.078724019229412078857,0,0
0.00011681265752178986931,1.4368134036546893473,0.034731031139147980347,0.30376140096758319498,1.2100309587294706404,0.11190003465240823399,0.38043152301528598835,0.29748145732636355199,892,892,-0.078552879393100738525,0,0
0.0001170613311724647053,1.4360007810684072282,0.03476146572659213202,0.30392293575037637732,1.2103385431171957975,0.11193047242125173102,0.38043147147559835952,0.29766647301577731088,893,893,-0.078381739556789398193,0,0
0.00011730972498764169552,1.4351912679283342911,0.034791779547954988783,0.30408403203277162286,1.2106475278429056353,0.1119607002778928162,0.38043152382133332834,0.29785001630234692049,894,894,-0.078210599720478057861,0,0
0.00011755784030283650883,1.4343846424731332423,0.034822060967568464751,0.30424469249442359642,1.2109538420680965309,0.11199098483860049635,0.38043146712958281208,0.2980338458542972635,895,895,-0.078039467334747314453,0,0
0.0001178056784669437605,1.4335810943379070359,0.034852222173067701205,0.3044049198053025429,1.2112616225196710662,0.1120210603107015257,0.38043152472334679226,0.2982161928154486441,896,896,-0.077868327498435974121,0,0
0.0001180532407919149745,1.4327803690600651176,0.034882352676366377986,0.30456471659335782043,1.2115666845989587763,0.11205119390331824691,0.38043146275807188106,0.29839885400344312583,897,897,-0.077697187662124633789,0,0
0.00011830052860368933296,1.4319826904425612124,0.03491236348862119393,0.30472408547768903286,1.2118732797048288319,0.11208111922325707244,0.38043152572118088539,0.29858002189202204057,898,898,-0.077526047825813293457,0,0
0.00011854754319123632313,1.4311877706922941922,0.034942345277710333551,0.30488302903589431514,1.2121771072467024677,0.11211110403830436277,0.38043145835921698961,0.2987615320956124032,899,899,-0.077354907989501953125,0,0
0.00011879428585811609652,1.4303958683766857529,0.034972207870615126812,0.30504154983753561936,1.2124825355500237212,0.11214088138987809984,0.3804315268147344109,0.29894153777155713092,900,900,-0.077183768153190612793,0,0
0.00011904075787087961774,1.4296066617379257213,0.035002043099566622353,0.30519965041116886573,1.2127851457655549616,0.1121707195697299736,0.38043145393119626174,0.29912191398776033502,901,901,-0.077012628316879272461,0,0
0.00011928696051126658868,1.4288204447107977213,0.0350317595996445727,0.30535733327810765658,1.2130894254349642303,0.11220035108950963954,0.38043152800395391155,0.29930077392926346391,902,902,-0.076841488480567932129,0,0
0.00011953289502395502179,1.4280368609335456487,0.03506145037582752283,0.30551460091913190675,1.2133908351481197396,0.112230044729720424,0.38043144947220580709,0.2994800327835994147,903,903,-0.076670348644256591797,0,0
0.00011977856266940502359,1.4272562403174671175,0.035091022863541619647,0.30567145580855348275,1.2136939839881801806,0.1122595325083636103,0.38043152928882811858,0.29965776309789821097,904,904,-0.076499208807945251465,0,0
0.00012002396467095031139,1.4264781912524504559,0.035120571248915155582,0.30582790038060114757,1.2139942096459026555,0.11228908365895921839,0.38043144498046371771,0.29983592085507909664,905,905,-0.076328068971633911133,0,0
0.00012026910226829551321,1.4257030802419043969,0.035150001759937890555,0.30598393706379162227,1.2142962451072447649,0.1123184297424812822,0.38043153066939250362,0.30001253728888627181,906,906,-0.076156936585903167725,0,0
0.00012051397666394187596,1.4249304797776893849,0.035179409772297332015,0.30613956824698745907,1.2145953027891127629,0.11234784040920248183,0.38043144045420212995,0.30018960986313225625,907,907,-0.075985796749591827393,0,0
0.0001207585890773464301,1.4241607935771942728,0.035208700298742977297,0.30629479631407757756,1.2148962419783027045,0.11237704680021005921,0.38043153214572078546,0.30036512781273749795,908,908,-0.075814656913280487061,0,0
0.00012100294069067413726,1.4233935575793785766,0.035237969912932716465,0.30644962360970501303,1.2151941474060181658,0.11240631894572412908,0.38043143589167394136,0.3005411307777743346,909,909,-0.075643517076969146729,0,0
0.00012124703270362664461,1.4226292133439135679,0.03526712240454617231,0.30660405247426114617,1.2154940070950688291,0.11243538760460539128,0.38043153371792903794,0.30071556529878790132,910,910,-0.075472377240657806396,0,0
0.00012149086627851313333,1.4218672595964778615,0.035296255553632867319,0.30675808520927944079,1.2157907756416035383,0.1124645231496765041,0.38043143129114592726,0.30089051389751741983,911,911,-0.075301237404346466064,0,0
0.00012173444259575747189,1.4211081763738668826,0.03532527191894639651,0.30691172411274775245,1.2160895722772864236,0.11249345599575963361,0.38043153538617574538,0.30106387971431752826,912,912,-0.075130097568035125732,0,0
0.00012197776279827875299,1.4203514245227044643,0.035354270495350552383,0.30706497144416466938,1.2163852189756543254,0.11252245682037799457,0.3804314266508929121,0.30123778886815455458,913,913,-0.0749589577317237854,0,0
0.00012222082804768565479,1.419597523198049327,0.035383152602802885045,0.30721782946017378579,1.2166829686885247686,0.11255125573305239939,0.38043153715065625153,0.30141010038301535578,914,914,-0.074787817895412445068,0,0
0.00012246363946795900922,1.4188458946962134721,0.035412018459405107673,0.30737030037927981496,1.2169775082404983291,0.11258012367753904293,0.38043142196921264642,0.30158298470095573629,915,915,-0.074616678059101104736,0,0
0.00012270619820234116384,1.4180970979383282771,0.035440768138422257261,0.30752238641780804684,1.2172742268535654553,0.11260879049733660273,0.38043153901160431385,0.30175425600287053562,916,916,-0.074445538222789764404,0,0
0.00012294850535631232798,1.4173505159933923458,0.035469503089626201742,0.3076740897542771247,1.2175676736379321685,0.112637527363403947,0.3804314172444075437,0.30192612979023830677,917,917,-0.074274405837059020996,0,0
0.00012319056205518398844,1.4166067482029438551,0.035498122131675073632,0.30782541256568818344,1.2178633766752302581,0.11266606389305514058,0.38043154096929471253,0.30209637466347150081,918,918,-0.074103266000747680664,0,0
0.00012343236938636037328,1.4158651377260560444,0.035526727954441832125,0.30797635699155062605,1.2181557447558830631,0.11269467144483859278,0.38043141247479234091,0.30226725193040138162,919,919,-0.073932126164436340332,0,0
0.00012367392845764443236,1.4151263249856109727,0.03555521811404602911,0.30812692517050432883,1.2184504474506652194,0.11272307945028960108,0.38043154302403525691,0.30243648386275079343,920,920,-0.073760986328125,0,0
0.00012391524033877613828,1.414389612542320096,0.03558369654889613487,0.30827711920399553103,1.2187417505844566623,0.1127515594153480627,0.3804314076586922666,0.3026063783323935108,921,921,-0.073589846491813659668,0,0
0.00012415630612045997633,1.4136556825680657301,0.035612059544621675611,0.30842694119323654789,1.2190354678871868632,0.1127798406267478265,0.38043154517616845078,0.3027746105231869933,922,922,-0.073418706655502319336,0,0
0.00012439712685517102949,1.4129237963308396431,0.035640412296605243625,0.30857639320252766568,1.2193257195315139185,0.11280819469703136371,0.38043140279443776741,0.30294353563965242815,923,923,-0.073247566819190979004,0,0
0.00012463770361691308515,1.4121946784258840868,0.035668649812019094514,0.30872547729655830384,1.2196184661176976416,0.11283635080969255104,0.38043154742607671048,0.30311078100749666575,924,924,-0.073076426982879638672,0,0
0.00012487803744128385766,1.4114675481282581426,0.035696878551655202017,0.30887419550337175123,1.2199076794378267419,0.1128645806424789233,0.38043139788036550719,0.30327874994354397931,925,925,-0.07290528714656829834,0,0
0.00012511812938597281905,1.4107431731375847939,0.035724992236251286448,0.30902254985201194071,1.2201994697155595926,0.11289261331780590936,0.38043154977417698026,0.30344502113381177644,926,926,-0.072734147310256958008,0,0
0.00012535798047007628924,1.4100207300297820101,0.03575309860044232485,0.30917054233512702988,1.2204876575918219839,0.11292072053661350584,0.38043139291482563902,0.30361204679830522402,927,927,-0.072563007473945617676,0,0
0.00012559759173534426071,1.4093010302967563518,0.035781090070537403813,0.30931817494696622894,1.2207785057090536629,0.11294863140299858661,0.38043155222091595835,0.30377735619038498394,928,928,-0.072391875088214874268,0,0
0.00012583696418473684533,1.4085832071028985268,0.03580907566345117865,0.30946544964561850666,1.2210656807437396676,0.11297661759846615304,0.38043138789616742779,0.30394345123549892929,929,929,-0.072220735251903533936,0,0
0.00012607609884442868534,1.4078681164270994142,0.035836946503059678715,0.30961236839136346832,1.2213556005954866457,0.11300440825216717666,0.38043155476677809057,0.30410781094982686223,930,930,-0.072049595415592193604,0,0
0.0001263149967015978121,1.4071548473037767124,0.035864812896987480206,0.30975893310854168972,1.2216417751195662866,0.11303227498290922826,0.38043138282274724382,0.30427298777804029362,931,931,-0.071878455579280853271,0,0
0.00012655365876719734696,1.4064443009004214957,0.035892564658662036436,0.30990514572426358653,1.221930780354763435,0.11305994698889162975,0.3804315574122775212,0.30443640968288260273,932,932,-0.071707315742969512939,0,0
0.00012679208601296720394,1.4057355213967015484,0.035920313394848767119,0.31005100812990799009,1.2222159664343916763,0.11308769578232694131,0.38043137769292439954,0.30460068045374183443,933,933,-0.071536175906658172607,0,0
0.00012703027943498248586,1.4050294558572669068,0.03594794760050167709,0.310196522220192894,1.2225040704626735089,0.11311525067508740316,0.38043156015796519842,0.30476317617178538821,934,934,-0.071365036070346832275,0,0
0.00012726823998987889654,1.4043251028759651255,0.0359755801899527064,0.31034168985429833043,1.2227882799055138641,0.11314288302824258847,0.38043137250506242619,0.30492655280846875376,935,935,-0.071193896234035491943,0,0
0.00012750596865918761716,1.4036234561302087798,0.036003098331648400454,0.31048651289530398989,1.2230754959037117846,0.11317032231260296116,0.38043156300442088069,0.30508813372319087964,936,936,-0.071022756397724151611,0,0
0.00012774346638476450754,1.4029234678905255773,0.036030616255909260481,0.31063099317093173513,1.2233587402650303311,0.11319783969289036463,0.3804313672575235783,0.30525062791885554381,937,937,-0.070851616561412811279,0,0
0.00012798073413392105791,1.4022261791697097078,0.036058019796634983856,0.31077513251335447952,1.2236450811835388741,0.11322516484476989607,0.38043156595225224859,0.3054113051806985335,938,938,-0.070680476725101470947,0,0
0.0001282177728340483261,1.4015304951710449988,0.036085424508549714118,0.31091893271955495237,1.2239273717721625978,0.113252568690744293,0.38043136194867255284,0.30557292840463734507,939,939,-0.070509336888790130615,0,0
0.00012845458343855380395,1.4008375049723957861,0.036112714882962547447,0.31106239559150988816,1.2242128503411369156,0.11327978115790958424,0.38043156900210617355,0.30573271293698195405,940,940,-0.070338204503059387207,0,0
0.00012869116686066954655,1.4001460659593285563,0.036140007807408933149,0.3112055228961607134,1.2244941982251869028,0.11330707287999952637,0.38043135657687326967,0.30589347644059944331,941,941,-0.070167064666748046875,0,0
0.00012892752404020552419,1.3994573160116814403,0.036167186422558755821,0.31134831640597770974,1.2247788269605022204,0.11333417408278879945,0.38043157215465295273,0.30605237894555342715,942,942,-0.069995924830436706543,0,0
0.00012916365587653253822,1.3987700639401290381,0.036194368957161535127,0.31149077785853901412,1.2250592429730109423,0.11336135506400905892,0.38043135114049264622,0.30621229376814473877,943,943,-0.069824784994125366211,0,0
0.00012939956329616097617,1.3980854971705933831,0.036221437193196634463,0.31163290899747841944,1.2253430341821553995,0.11338834639603975751,0.38043157541060051985,0.30637032473216196937,944,944,-0.069653645157814025879,0,0
0.00012963524718488921711,1.397402375175110345,0.036248510709016412701,0.31177471153166874673,1.2256225289264106593,0.11341541799267662594,0.38043134563789327007,0.30652940170651526985,945,945,-0.069482505321502685547,0,0
0.00012987070845621825248,1.3967219356769948746,0.036275469919861004497,0.31191618717655833493,1.2259054947140817227,0.11344230082152524652,0.3804315787706801788,0.30668657140581362386,946,946,-0.069311365485191345215,0,0
0.00013010594798265484747,1.3960428880390112205,0.036302435762068312186,0.31205733761295428863,1.2261840785689495092,0.11346926436380912195,0.38043134006743850595,0.30684482116365596749,947,947,-0.069140225648880004883,0,0
0.00013034096666497246289,1.3953665210405865604,0.036329287276087342262,0.31219816452875143176,1.2264662308426259596,0.11349604003167731991,0.38043158223565604059,0.30700113966949682531,948,948,-0.068969085812568664551,0,0
0.00013057576536265936055,1.3946914931577603092,0.036356146764612067013,0.3123386695773124333,1.2267439139675944126,0.11352289682442875951,0.38043133442748477968,0.30715857264676538207,949,949,-0.068797945976257324219,0,0
0.00013081034496403601774,1.3940191449921905953,0.036382891885250553954,0.31247885441959344366,1.2270252644428656374,0.11354956664878568251,0.38043158580631925014,0.30731404983054400049,950,950,-0.068626806139945983887,0,0
0.00013104470631583738875,1.3933480833487368322,0.036409646315413303486,0.31261872068211588038,1.2273020567830026373,0.11357631797204550961,0.38043132871639040449,0.30747067627249169419,951,951,-0.068455673754215240479,0,0
0.00013127885029419789791,1.3926797014248253337,0.036436286321821907686,0.31275826999949457585,1.2275826169888295336,0.1136028832462547683,0.38043158948349503623,0.30762532181069396353,952,952,-0.068284533917903900146,0,0
0.00013151277773335753028,1.3920125535628018465,0.036462936964945409646,0.31289750397199644905,1.227858528279520467,0.11362953035589223871,0.38043132293250708775,0.30778115177684861603,953,953,-0.068113394081592559814,0,0
0.00013174648949752448628,1.3913480863368108409,0.036489473112582174186,0.31303642420847554995,1.228138309563265862,0.11365599234981577093,0.38043159326803249742,0.30793497515583201363,954,954,-0.067942254245281219482,0,0
0.00013197998640869461188,1.3906848008282228779,0.03651602121658868022,0.3131750322835145095,1.2284133493349036481,0.11368253647812340268,0.38043131707418037513,0.30809001852481698869,955,955,-0.06777111440896987915,0,0
0.00013221326931940271957,1.3900241977765110946,0.036542454737806560894,0.31331332978077092166,1.2286923628672932196,0.11370889643871190389,0.38043159716081237365,0.30824302904545675119,956,956,-0.067599974572658538818,0,0
0.00013244633903964489539,1.3893647241964224293,0.036568901527792935235,0.31345131824969768575,1.2289665404497533974,0.11373533879497876864,0.38043131113975520163,0.3083972955196463972,957,957,-0.067428834736347198486,0,0
0.0001326791964105287591,1.3887079357889204889,0.036595233632410122115,0.31358899924930472292,1.2292447972296689507,0.11376159794684277682,0.38043160116274088445,0.30854950230184879922,958,958,-0.067257694900035858154,0,0
0.00013291184223028791448,1.3880522246893267635,0.036621580311208906666,0.31372637430445432516,1.2295181217566759635,0.11378793971791224815,0.38043130512756462291,0.30870300141190276655,959,959,-0.067086555063724517822,0,0
0.0001331442773288428038,1.3873992023639396542,0.036647812187060188616,0.31386344495004275812,1.2297956326158414608,0.11381409926387732467,0.38043160527475589072,0.30885441339895541857,960,960,-0.06691541522741317749,0,0
0.00013337650249289556494,1.3867472052484870471,0.036674059935783730191,0.3140002126868656207,1.2300681130292077103,0.11384034161468933877,0.38043129903594152807,0.30900715450821386598,961,961,-0.066744275391101837158,0,0
0.00013360851854141278299,1.3860979013862158027,0.036700192749257655456,0.31413667902622494088,1.2303448886367145398,0.11386640273633406861,0.38043160949782073299,0.30915778047102826509,962,962,-0.06657314300537109375,0,0
0.00013384032624979004772,1.3854495706857417048,0.036726342727824622114,0.31427284544535971644,1.2306165336904120178,0.11389254681044867767,0.38043129286320531701,0.30930977277977211859,963,963,-0.066402003169059753418,0,0
0.00013407192642626768815,1.384803938586650407,0.036752377624383471277,0.31440871343248288916,1.2308925845571474511,0.1139185106686280563,0.38043161383292561917,0.30945962132097876163,964,964,-0.066230863332748413086,0,0
0.00013430331983515348369,1.3841592276353715807,0.036778430972034849289,0.31454428444177284785,1.2311634028213613856,0.11394455758873922591,0.38043128660767455695,0.30961087387057950604,965,965,-0.066059723496437072754,0,0
0.00013453450727418290143,1.3835172214952151659,0.036804369076722007192,0.31467955993884516586,1.2314387393043368935,0.11397042532409336346,0.38043161828109267608,0.30975995342851486702,966,966,-0.065888583660125732422,0,0
0.00013476548949678909166,1.3828760845078118535,0.03683032691251542784,0.31481454135530029248,1.2317087391692378429,0.11399637619252035725,0.38043128026765499206,0.30991047510544666999,967,967,-0.06571744382381439209,0,0
0.00013499626729041860548,1.3822376593954261992,0.036856169330447108301,0.31494923013463488326,1.2319833714757923993,0.11402214892596884699,0.38043162284336884404,0.3100587939580146668,968,968,-0.065546303987503051758,0,0
0.00013522684139783710091,1.3816000514447608349,0.036882032753739961428,0.31508362768634112783,1.2322525611552883618,0.11404800482513696713,0.38043127384144370673,0.31020859349775203873,969,969,-0.065375164151191711426,0,0
0.00013545721259641279222,1.3809651632801576149,0.036907780570582117419,0.31521773543226272452,1.2325264993471671815,0.11407368365835802992,0.38043162752082720912,0.31035615976616742762,970,970,-0.065204024314880371094,0,0
0.00013568738161844569648,1.3803310402756017172,0.036933550661503888879,0.31535155476024051557,1.2327948868825833184,0.11409944565126869942,0.38043126732733206774,0.31050524575698607022,971,971,-0.065032884478569030762,0,0
0.0001359173492314306596,1.3796996458087960047,0.036959204943933308962,0.31548508707091865721,1.2330681408798827015,0.11412503166716310432,0.38043163231457222118,0.3106520674093946055,972,972,-0.06486174464225769043,0,0
0.00013614711615739867774,1.3790689644752893717,0.03698488276384063328,0.31561833373093195476,1.2333357341434421084,0.11415070079784503387,0.38043126072359728651,0.31080044829605396606,973,973,-0.064690604805946350098,0,0
0.00013637668315417126371,1.3784410212656166284,0.037010444559998988134,0.31575129612016639147,1.2336083137285587252,0.11417619506099264959,0.38043163722573641872,0.31094653315106879354,974,974,-0.064519472420215606689,0,0
0.0001366060509337017545,1.377813739123408654,0.037036031151916642967,0.31588397558448383373,1.2338751204267661699,0.11420177235494066714,0.38043125402850813677,0.31109421723837821228,975,975,-0.064348332583904266357,0,0
0.00013683522024433321515,1.3771892055196188753,0.037061501491845200151,0.31601637348344224776,1.234147035248108093,0.11422717591203700171,0.38043164225547393409,0.31123957296849202869,976,976,-0.064177192747592926025,0,0
0.00013706419178812786043,1.3765652808645112426,0.037086997880899204294,0.31614849114255239027,1.2344130629251162112,0.11425266237664326308,0.38043124724032406636,0.31138656842479289777,977,977,-0.064006052911281585693,0,0
0.0001372929663041405038,1.3759441159854093328,0.037112377776963613452,0.31628032990146309755,1.2346843225007835265,0.11427797625692655281,0.38043164740496765441,0.31153120255969229957,978,978,-0.063834913074970245361,0,0
0.00013752154448472367907,1.3753235078696641747,0.037137784970798261297,0.31641189106574468815,1.2349495785415722793,0.11430337288189404421,0.38043124035728970167,0.3116775174202316423,979,979,-0.063663773238658905029,0,0
0.00013774992705982940086,1.3747056715852552511,0.037163075418105061265,0.31654317595554493092,1.2352201922630179354,0.11432859809756509839,0.38043165267543271879,0.31182143735002648688,980,980,-0.063492633402347564697,0,0
0.00013797811471227765354,1.374088339799110825,0.037188394407287307664,0.31667418585689405264,1.2354846838964652633,0.114353905855309676,0.38043123337764150893,0.31196707952023122745,981,981,-0.063321493566036224365,0,0
0.00013820610816309847075,1.3734737927124494039,0.037213596384082121837,0.31680492207083599254,1.235754661031921442,0.11437904340193177921,0.38043165806810669283,0.31211029249856908629,982,982,-0.063150353729724884033,0,0
0.00013843390808575151293,1.3728596977660858514,0.037238828142498257845,0.31693538586425079595,1.2360183953338528262,0.11440426324797568769,0.38043122629960035574,0.31225526975724127166,983,983,-0.062979213893413543701,0,0
0.00013866151519252155767,1.3722484011956008754,0.037263942610556259616,0.31706557851946604032,1.2362877450317544259,0.11442931410486840982,0.38043166358425567486,0.31239778290433806163,984,984,-0.062808074057102203369,0,0
0.00013888893014767596571,1.3716375043016606483,0.037289088095796750488,0.31719550128459134131,1.2365507289278812042,0.11445444697822219904,0.3804312191213755634,0.31254210290675976669,985,985,-0.062636941671371459961,0,0
0.00013911615365492645702,1.37102942026394925,0.03731411600080379587,0.31732515542361544592,1.2368194602202207122,0.11447941210884438057,0.38043166922517329676,0.31268392321235116693,986,986,-0.062465798109769821167,0,0
0.00013934318636951172586,1.3704216833206883663,0.037339176154532992269,0.31745454216624746646,1.2370817004889183011,0.11450445893237444495,0.38043121184116290845,0.31282759349328481679,987,987,-0.062294658273458480835,0,0
0.00013957002898673864853,1.3698167745139517848,0.037364118426451230215,0.31758366275850546945,1.2373498222944410152,0.11452933928469308245,0.38043167499218022432,0.3129687278194691058,988,988,-0.062123522162437438965,0,0
0.00013979668215297690157,1.3692121600887594557,0.037389094174771292378,0.31771251841205883082,1.2376113255695162518,0.11455430096548206709,0.38043120445714312394,0.3131117557960937936,989,989,-0.061952382326126098633,0,0
0.00014002314655529250319,1.3686103898765329401,0.037413951728202006486,0.31784111035531353862,1.2378788466969470328,0.11457909747233717412,0.38043168088662354664,0.31325221088012589199,990,990,-0.061781242489814758301,0,0
0.00014024942283134174945,1.3680088611899443585,0.037438843982006884958,0.31796943978225072902,1.2381396194703282454,0.11460397490203573512,0.38043119696748611824,0.31339460385489331662,991,991,-0.061610102653503417969,0,0
0.00014047551166011023531,1.3674101935855438317,0.037463617716533927082,0.31809750790401425391,1.2384065486213884366,0.11462868848148706491,0.38043168690988105052,0.31353438631185276408,992,992,-0.061438962817192077637,0,0
0.00014070141367069231224,1.3668117144957960818,0.037488427371849590564,0.31822531589723973555,1.2386665972456585294,0.1146534825366503918,0.38043118937034425819,0.31367615147525024222,993,993,-0.061267826706171035767,0,0
0.00014092712953414960231,1.3662161141470083869,0.037513118172381558491,0.31835286495614983915,1.2389329430181172942,0.11467811409232199493,0.38043169306335472557,0.31381526780067281468,994,994,-0.061096686869859695435,0,0
0.00014115265987116261447,1.365620649134975384,0.037537846110700344437,0.31848015624036885018,1.2391922737090308448,0.11470282563474173965,0.3804311816638548116,0.31395641223392584118,995,995,-0.060925547033548355103,0,0
0.00014137800534502170777,1.3650280813092905419,0.037562454847799353619,0.31860719092753103654,1.2394580445996352669,0.11472737605615328238,0.38043169934847320679,0.31409486880633785688,996,996,-0.060754407197237014771,0,0
0.00014160316656813769329,1.3644355954638618389,0.037587101936404236635,0.31873397016057514186,1.2397166634385528017,0.11475200593317864961,0.380431173846138726,0.3142353994840330067,997,997,-0.060583267360925674438,0,0
0.00014182814419617912434,1.3638460260341360719,0.037611629466606073813,0.31886049510087144387,1.2399818678459018084,0.11477647609606919654,0.38043170576669643745,0.31437320256741235758,998,998,-0.060412127524614334106,0,0
0.00014205293883342773515,1.3632564850380430865,0.037636196558885184893,0.31898676687499083471,1.2402397807821223807,0.11480102514091868049,0.38043116591530445891,0.31451312636004963297,999,999,-0.060240991413593292236,0,0
0.00014227755112807609849,1.3626698804685304367,0.037660643725011766492,0.31911278662835657061,1.2405044270094687242,0.11482541590756141503,0.38043171231951267153,0.31465028210622575378,1000,1000,-0.060069851577281951904,0,0
0.0001425019816764139149,1.362083250584586569,0.037685131660763315775,0.31923855547148122236,1.240761639862457244,0.11484988493962373923,0.38043115786943670908,0.31478960578270259729,1001,1001,-0.059898711740970611572,0,0
0.0001427262311193004847,1.361499577917384185,0.037709499292226368594,0.31936407453414983326,1.2410257361204490856,0.11487419715913231577,0.38043171900843025801,0.31492612023368343754,1002,1002,-0.05972757190465927124,0,0
0.00014295030004516726531,1.3609158259750304687,0.037733908897959862749,0.3194893449111194661,1.2412822545821260434,0.11489858698426581862,0.3804311497066079073,0.3150648504637178493,1003,1003,-0.059556432068347930908,0,0
0.00014317418908767946904,1.3603350528169388944,0.037758197811055355109,0.3196143677168380437,1.2415458089914719331,0.11492282149289209658,0.38043172583499168526,0.31520072955394551339,1004,1004,-0.059385292232036590576,0,0
0.00014339789882754098364,1.3597541461992734835,0.037782529900279727963,0.31973914403060199607,1.2418016386282986208,0.11494713290370964232,0.3804311414248743306,0.31533887291042794754,1005,1005,-0.059214156121015548706,0,0
0.00014362142989135910924,1.3591762407090020037,0.037806740898475438284,0.31986367495181666776,1.2420646592223916205,0.11497129052513420377,0.38043173280076986176,0.31547412246897310606,1006,1006,-0.059043016284704208374,0,0
0.00014384478285223744926,1.3585981473401189668,0.037830996271981276458,0.31998796154460529273,1.2423198054774249321,0.11499552430128129332,0.38043113302227210548,0.31561168543026357769,1007,1007,-0.058871876448392868042,0,0
0.00014406795832985850453,1.358023078215849333,0.037855130146196312724,0.32011200489361796295,1.2425823002048821397,0.11501960584689527312,0.38043173990735934531,0.31574631118296125898,1008,1008,-0.05870073661208152771,0,0
0.00014429095688984984371,1.357447766548555812,0.037879309592330344392,0.32023580604808560279,1.2428367683997878501,0.1150437627553223402,0.38043112449681693032,0.31588330013511950467,1009,1009,-0.058529596775770187378,0,0
0.00014451377914509940816,1.356875503015878337,0.037903367121207100221,0.32035936607818332744,1.2430987451269539523,0.11506776902450328859,0.38043174715638555794,0.31601730770663838399,1010,1010,-0.058358460664749145508,0,0
0.00014473642565387994556,1.3563029420197154629,0.037927471416140480509,0.32048268601852386572,1.2433525404639651502,0.11509184981973048789,0.38043111584650912693,0.31615372894560350714,1011,1011,-0.058187320828437805176,0,0
0.00014495889702241223154,1.355733453819847556,0.037951453366310790305,0.32060576692508113705,1.2436140069773715666,0.11511578160011096128,0.38043175454950406422,0.31628712386146501379,1012,1012,-0.058016180992126464844,0,0
0.00014518119380173242507,1.3551636129695170396,0.037975483274297082426,0.32072860981811701642,1.2438671345411234093,0.11513978702448264546,0.38043110706932742326,0.31642298359516890516,1013,1013,-0.057845041155815124512,0,0
0.00014540331659151862955,1.3545968703479525086,0.037999390400637551857,0.32085121573967173569,1.244128098549835526,0.11516364509220894385,0.38043176208839590835,0.3165557712836928328,1014,1014,-0.05767390131950378418,0,0
0.00014562526593568609961,1.3540297196119459588,0.038023346674268772294,0.32097358569591755151,1.244380563309224641,0.11518757587614644744,0.38043109816322961958,0.3166910756341393407,1015,1015,-0.057502761483192443848,0,0
0.00014584704242749196813,1.3534656933073090368,0.038047179720153978533,0.32109572071522174408,1.244641032447228568,0.11521136099613533965,0.38043176977477494161,0.31682326142835015581,1016,1016,-0.057331625372171401978,0,0
0.0001460686466038432611,1.352901203136969821,0.038071063100604991825,0.32121762178992213643,1.2448928392571430024,0.11523521785837813336,0.38043108912615647421,0.31695801643361853905,1017,1017,-0.057160485535860061646,0,0
0.00014629007905169540311,1.352339864370230238,0.038094822798151205256,0.32133928993496824189,1.2451528210855964396,0.11525893078456292407,0.38043177761038110551,0.3170896055730955676,1018,1018,-0.056989345699548721313,0,0
0.00014651134030105729227,1.3517780056890831286,0.038118634015419053385,0.32146072612911208433,1.2454039746886100826,0.11528271443240510619,0.38043107995602648552,0.31722381718930003913,1019,1019,-0.056818205863237380981,0,0
0.00014673243093269922369,1.3512193261530704991,0.038142321085721998808,0.32158193137413459972,1.2456634766980854145,0.11530635590797701229,0.38043178559698381802,0.31735481482196925551,1020,1020,-0.056647066026926040649,0,0
0.00014695335146983938492,1.3506600703463647051,0.038166060858861851346,0.32170290663544515164,1.245913981726144204,0.11533006703749953958,0.38043107065073911155,0.31748848892518172216,1021,1021,-0.056475929915904998779,0,0
0.00014717410248717716233,1.3501040221955404874,0.038189676012228966628,0.32182365290189962614,1.2461730113388160834,0.11535363779514257176,0.38043179373638108531,0.31761890010906523862,1022,1022,-0.056304790079593658447,0,0
0.00014739468450124492945,1.3495473411001817077,0.038213345049579440504,0.32194417112580214768,1.2464228723147852129,0.11537727709143490162,0.38043106120816683191,0.31775204249717453608,1023,1023,-0.056133650243282318115,0,0
0.00014761509808078294515,1.3489938969407144764,0.038236888985755994319,0.32206446228332125115,1.2466814368866048213,0.11540077785355641604,0.38043180203040283249,0.31788187220208191652,1024,1024,-0.055962510406970977783,0,0
0.00014783534373574011762,1.3484397628354130028,0.038260487985161101276,0.32218452731388763643,1.2469306582258192773,0.11542434599093531755,0.38043105162616447368,0.31801448859661413104,1025,1025,-0.055791370570659637451,0,0
0.00014805542202900702844,1.3478888957155195083,0.038283961393549663377,0.32230436718121519002,1.2471887650485837806,0.11544777746988825473,0.38043181048090696228,0.31814374170579512446,1026,1026,-0.055620230734348297119,0,0
0.00014827533346404919235,1.3473372813111899049,0.038307491042575358975,0.32242398281208767274,1.2474373510603538051,0.11547127511211054129,0.38043104190256316066,0.31827583775369105989,1027,1027,-0.055449094623327255249,0,0
0.00014849507859801447016,1.3467889647116966234,0.038330894602451481834,0.32254337515799130776,1.2476950073637942396,0.11549463801041222333,0.38043181908978185302,0.31840451906544242622,1028,1028,-0.055277954787015914917,0,0
0.0001487146579279829137,1.3462398431421600531,0.0383543555785948731,0.32266254513328446185,1.2479429622528233068,0.11551806581088079617,0.38043103203517059097,0.31853610034078655433,1029,1029,-0.055106814950704574585,0,0
0.00014893407200546455961,1.345694050967425337,0.038377689959313072976,0.32278149367744773945,1.2482001752065785549,0.11554136082142275888,0.38043182785894480435,0.31866421456999771689,1030,1030,-0.054935675114393234253,0,0
0.00014915332132124918974,1.3451473957803081749,0.03840108293020826763,0.32290022169263027374,1.2484475030743864554,0.11556471942338912562,0.3804310220217740901,0.31879528657570871397,1031,1031,-0.054764535278081893921,0,0
0.00014937240642131196155,1.3446041023492079081,0.0384243487914098375,0.32301873010652426554,1.2487042797900445024,0.11558794722964788049,0.38043183679034747735,0.31892283835539675385,1032,1032,-0.054593395441770553589,0,0
0.00014959132779024560123,1.3440598874971545484,0.038447674415024862826,0.32313701980928083435,1.2489509846362445433,0.115611237266404418,0.38043101186013139614,0.3190534065248726292,1033,1033,-0.054422259330749511719,0,0
0.00014981008596859097387,1.3435190675344788058,0.038470872406833632462,0.32325509171701605204,1.24920733216924984,0.11563439854264126461,0.3804318458859676233,0.31918040040764172893,1034,1034,-0.054251119494438171387,0,0
0.00015002868143483476878,1.3429772673664710503,0.038494131331668700324,0.32337294670808963692,1.2494534178929395107,0.11565762063771720114,0.38043100154798381585,0.31931047010637819694,1035,1035,-0.054079979658126831055,0,0
0.00015024711472418232953,1.3424388959944970612,0.038517262094883382428,0.32349058568724914364,1.2497093432444545957,0.11568071604917329331,0.38043185514781424628,0.31943691056585443722,1036,1036,-0.053908839821815490723,0,0
0.00015046538630910310467,1.3418994852475494284,0.038540454960156671216,0.32360800952126456131,1.2499548136453928482,0.11570387081651602179,0.3804309910830398489,0.31956648709300555788,1037,1037,-0.053737699985504150391,0,0
0.0001506834967195636,1.3413635379777359979,0.038563519126443429608,0.32372521910371798715,1.2502103237642665512,0.11572690101960936282,0.38043186457793087829,0.31969237852523757493,1038,1038,-0.053566563874483108521,0,0
0.00015090144642210303054,1.3408264917686920636,0.038586646562277608641,0.32384221528998718975,1.250455182544118804,0.11574998906376728069,0.38043098046298889914,0.31982146711515807569,1039,1039,-0.053395424038171768188,0,0
0.00015111923594154376936,1.3402929444937621284,0.038609644754350067042,0.32395899896268731677,1.2507102843286375116,0.11577295470627615992,0.38043187417839174902,0.31994681383996076418,1040,1040,-0.053224284201860427856,0,0
0.00015133686573857960968,1.3397582383113544324,0.038632707381951771064,0.32407557096599654001,1.2509545350921291718,0.11579597662257447299,0.38043096968549255932,0.32007541966370423037,1041,1041,-0.053053144365549087524,0,0
0.00015155433633298159954,1.3392270672974597723,0.038655640213751611689,0.32419193217175745758,1.2512092353918329302,0.1158188783438212216,0.38043188395129906576,0.32020022592598318401,1042,1042,-0.052882004529237747192,0,0
0.00015177164817968116024,1.3386946769945697877,0.038678638645586661815,0.32430808341313743792,1.2514528816478847073,0.1158418347185333902,0.38043095874818494417,0.32032835409276272376,1043,1043,-0.05271086469292640686,0,0
0.0001519888017934891691,1.3381658588736822235,0.038701506722459477761,0.32442402555139626674,1.2517071872653751097,0.11586467314956473695,0.38043189389879256135,0.32045262406379332321,1044,1044,-0.05253972858190536499,0,0
0.00015220579762365558409,1.337635760659785289,0.038724441562424181951,0.32453975940887497265,1.2519502324281788219,0.11588756456007973106,0.38043094764867602109,0.32058027962241730791,1045,1045,-0.052368588745594024658,0,0
0.00015242263618012036872,1.337109272422341899,0.038747245481287766189,0.32465528583643665783,1.2522041501207981096,0.1159103403238382346,0.38043190402303933562,0.32070401740108678279,1046,1046,-0.052197448909282684326,0,0
0.00015263931790653132705,1.336581442856161317,0.038770117324875487397,0.32477060564577603374,1.252446597510878501,0.11593316733882368108,0.38043093638454861249,0.32083120534135184387,1047,1047,-0.052026309072971343994,0,0
0.00015285584330804503103,1.3360572618437818182,0.038792857674389384648,0.32488571967754170666,1.252700133992474818,0.11595588105032110515,0.38043191432624273718,0.32095441495538262755,1048,1048,-0.051855169236660003662,0,0
0.00015307221282278435305,1.3355316778261596689,0.038815667108851349687,0.32500062873295831878,1.2529419868376523439,0.11597864422987988475,0.38043092495335667502,0.3210811402094370659,1049,1049,-0.05168402940034866333,0,0
0.00015328842695120866758,1.3350097817246855403,0.038838344469576430162,0.32511533364263806023,1.2531951487802170941,0.11600129649636076179,0.38043192481063592414,0.32120382561655280718,1050,1050,-0.05151289328932762146,0,0
0.00015350448612599140296,1.3344864204915052319,0.038861092074084176151,0.3252298351975079771,1.2534364102166513089,0.11602399639218935468,0.38043091335262779751,0.32133009306024629126,1051,1051,-0.051341753453016281128,0,0
0.00015372039084297889735,1.3339667873241345397,0.038883707018641883169,0.32534413421831809288,1.2536892042519809376,0.11604658781329424411,0.38043193547848747071,0.32145225814932243402,1052,1052,-0.051170613616704940796,0,0
0.00015393614152946924023,1.3334456264396095104,0.038906393364437769078,0.32545823148586683349,1.2539298773250369123,0.11606922496882958462,0.38043090157986109157,0.32157807260349580147,1053,1053,-0.050999473780393600464,0,0
0.00015415173867677840389,1.3329282345602100346,0.038928946457665182523,0.325572127811212364,1.2541823100463709295,0.11609175613675391803,0.3804319463321002015,0.32169972119567469271,1054,1054,-0.050828333944082260132,0,0
0.00015436718270690118421,1.3324092519101744525,0.038951572108215724854,0.32568582396518946931,1.2544223977115389612,0.11611433108732173436,0.38043088963252397194,0.32182508742745247199,1055,1055,-0.050657197833061218262,0,0
0.00015458247410670442144,1.3318940799968026489,0.038974063907315587008,0.32579932074933182218,1.254674475675146228,0.11613680258697030301,0.38043195737380869348,0.32194622327722383082,1056,1056,-0.05048605799674987793,0,0
0.00015479761329295038913,1.3313772537822994302,0.038996629418456316141,0.32591261892467188188,1.2549139807988898276,0.11615931585992679553,0.38043087750805715253,0.32207114600124936432,1057,1057,-0.050314918160438537598,0,0
0.00015501260074813626752,1.330864280830815316,0.039019060473145690537,0.32602571928338230922,1.2551657105256557312,0.11618172826906557338,0.38043196860598132991,0.32219177279751232135,1058,1058,-0.050143778324127197266,0,0
0.0001552274368838607089,1.330349589561735435,0.039041566393226853626,0.3261386225768512781,1.2554046358862704924,0.11620418038393916238,0.38043086520387309202,0.32231625667718116768,1059,1059,-0.049972638487815856934,0,0
0.00015544212217832972973,1.3298387948796559499,0.039063937245879705451,0.32625132958805069805,1.2556560238632439308,0.11622653427334278531,0.38043198003102673965,0.32243637804426089621,1060,1060,-0.049801498651504516602,0,0
0.00015565665703804566289,1.3293262173686004601,0.039086384115904627967,0.32636384105887894513,1.2558943721516069303,0.11624892574196679651,0.38043085271735072039,0.32256042769291470851,1061,1061,-0.049630362540483474731,0,0
0.00015587104193700009546,1.3288175805690760622,0.039108695301691628887,0.32647615776326388559,1.2561454248335000017,0.1162712216755621697,0.38043199165138069651,0.32268004719156184734,1062,1062,-0.049459222704172134399,0,0
0.0001560852772766650146,1.3283070959253386878,0.03913108365545460432,0.32658828043376553207,1.2563831986538791519,0.11629355300221004554,0.38043084004584126756,0.32280366717365860385,1063,1063,-0.049288082867860794067,0,0
0.00015629936352689295718,1.3278005969212636206,0.039153335702480571157,0.32670020983542147341,1.2566339224645852735,0.11631579153721791076,0.38043200346951860924,0.32292278830201881501,1064,1064,-0.049116943031549453735,0,0
0.00015651330108418993916,1.327292184544982101,0.039175666066699289802,0.32681194669160112953,1.2568711243353327678,0.11633806321873062239,0.38043082718666254571,0.32304598313428084522,1065,1065,-0.048945803195238113403,0,0
0.00015672709041434352531,1.3267878035432365547,0.039197859496137930913,0.3269234917586023581,1.2571215256694270312,0.11636024490580446078,0.380432015487950137,0.32316460932884094603,1066,1066,-0.048774663358926773071,0,0
0.00015694073190895694225,1.3262814431196636722,0.039220132390584340476,0.32703484575074909246,1.2573581580237027655,0.11638245743171744817,0.38043081413710416738,0.32328738348137803227,1067,1067,-0.048603527247905731201,0,0
0.00015715422602982534288,1.3257791606155373554,0.039242267716808068578,0.32714600941574673021,1.2576082432478894457,0.11640458281507759519,0.38043202770922340816,0.32340551811787926484,1068,1068,-0.048432387411594390869,0,0
0.00015736757316371058455,1.3252748321094964812,0.039264483654433447735,0.32725698345901554909,1.25784430843427808,0.11642673666774078223,0.38043080089441871916,0.32352787601528526507,1069,1069,-0.048261247575283050537,0,0
0.00015758077376848723668,1.3247746288812387583,0.039286561385140965352,0.32736776861981298214,1.258094083888828818,0.11644880628530676625,0.38043204013591958024,0.32364552240961547147,1070,1070,-0.048090107738971710205,0,0
0.00015779382822613579793,1.3242723125316315791,0.039308720872202100594,0.32747836559479437391,1.258329584172028115,0.11647090194000647712,0.38043078745582836753,0.32376746843205089776,1071,1071,-0.047918967902660369873,0,0
0.00015800673699068042925,1.3237741696351081888,0.039330741508543633211,0.32758877511491102386,1.2585790561722187686,0.11649291632352636039,0.38043205277065850201,0.32388462984111249243,1072,1072,-0.047747831791639328003,0,0
0.00015821950043937916988,1.3232738459496193872,0.0393528450447229311,0.32769899786818906806,1.2588139937336244589,0.11651495424860093542,0.38043077381852186125,0.32400616832535877876,1073,1073,-0.047576691955327987671,0,0
0.00015843211902247483595,1.3227777447131152666,0.039374809081422115775,0.3278090345774122838,1.2590631685711328736,0.11653691392377757419,0.38043206561609566041,0.3241228479479136837,1074,1074,-0.047405552119016647339,0,0
0.00015864459311256041583,1.3222793944630562013,0.03939685715994475923,0.32791888592211088094,1.2592975455094133075,0.1165588945807308624,0.38043075997965714041,0.3242439831884005863,1075,1075,-0.047234412282705307007,0,0
0.00015885692315616525188,1.3217853164822073175,0.039418765085417355187,0.32802855261703695033,1.2595464294537006555,0.11658080006734475309,0.38043207867492562224,0.32436018416588852098,1076,1076,-0.047063272446393966675,0,0
0.00015906910952127360586,1.3212889206974320899,0.039440758193167148316,0.32813803533335517137,1.2597802477853448089,0.11660272391095652389,0.38043074593635567426,0.32448092041571319211,1077,1077,-0.046892132610082626343,0,0
0.00015928115265076802482,1.3207968478302762882,0.039462610489637672817,0.32824733477791923075,1.2600288470850364853,0.11662457572298770558,0.38043209194988192312,0.32459664583304825847,1078,1078,-0.046720996499061584473,0,0
0.00015949305290807893167,1.3203023877941970632,0.039484549107271040003,0.32835645161365578648,1.2602621087448884207,0.11664644320142238121,0.38043073168570301634,0.32471698730497777774,1079,1079,-0.046549856662750244141,0,0
0.00015970481073250761815,1.3198123021563570312,0.039506346250885837623,0.32846538653965079435,1.2605104296291167465,0.11666824184716809154,0.38043210544373468052,0.3248322401913205093,1080,1080,-0.046378716826438903809,0,0
0.00015991642648298452604,1.3193197594011467633,0.039528230852941000084,0.3285741402107178466,1.260743136470874548,0.11669005340208041255,0.38043071722475374496,0.32495219105875927657,1081,1081,-0.046207576990127563477,0,0
0.00016012790059529425604,1.3188316433610858258,0.039549973313880264214,0.32868271331830323234,1.2609911851506225844,0.11671179938427107825,0.38043211915929403544,0.32506697438827530933,1082,1082,-0.046036437153816223145,0,0
0.00016033923342391955447,1.3183409996629862349,0.039571804368883065073,0.32879110650922988013,1.2612233389472615741,0.11673355545090614849,0.38043070255052063855,0.32518653878622061359,1083,1083,-0.045865297317504882812,0,0
0.00016055042540119189229,1.3178548358374311267,0.039593492611468737719,0.32889932046742997862,1.2614711216166876184,0.1167552492668189057,0.38043213309940770994,0.32530085547880599472,1084,1084,-0.045694161206483840942,0,0
0.00016076147687719773865,1.3173660732120895389,0.039615270582040319758,0.32900735583185575228,1.2617027240609566263,0.11677695027411554018,0.38043068765998422354,0.32542003750479481239,1085,1085,-0.04552302137017250061,0,0
0.00016097238828087774933,1.3168818444615018048,0.039636905064843429292,0.32911521327904835754,1.2619502468987164878,0.11679859241568586736,0.38043214726696561456,0.32553389042679281573,1086,1086,-0.045351881533861160278,0,0
0.00016118315995797223355,1.3163949451595422513,0.039658630407799537465,0.32922289344020666535,1.2621812996035000065,0.11682023878637094738,0.38043067255008744532,0.32565269414181130525,1087,1087,-0.045180741697549819946,0,0
0.00016139379233409266879,1.3159126345837279803,0.039680211583744108561,0.32933039698460164768,1.2624285687740333106,0.11684182974030131452,0.3804321616648953519,0.32576608610670598765,1088,1088,-0.045009601861238479614,0,0
0.00016160428575068210184,1.3154275810862954277,0.039701884750197896645,0.32943772453579378556,1.2626590732727895894,0.11686342189098797295,0.38043065721773777765,0.32588451553610298106,1089,1089,-0.044838465750217437744,0,0
0.00016181464063008322196,1.3149471720201284519,0.039723413066662070781,0.32954487675590249385,1.2629060949276038617,0.11688496213885406216,0.38043217629616843389,0.32599744930518659292,1090,1090,-0.044667325913906097412,0,0
0.00016202485730948987079,1.3144639470346364263,0.039745034502119781783,0.32965185426096238475,1.2631360526746826523,0.11690650048013173645,0.38043064165980250424,0.32611550843955683376,1091,1091,-0.04449618607759475708,0,0
0.00016223493620803541783,1.3139854230438674509,0.039766510401035189137,0.32975865770605744531,1.2633828329536171964,0.11692799049848653925,0.38043219116379356493,0.32622798672258340735,1092,1092,-0.044325046241283416748,0,0
0.00016244487765871131,1.3135040094997711968,0.03978808054549305695,0.32986528769980699716,1.26361224532463301,0.11694947543501311993,0.38043062587311027301,0.32634567951864185131,1093,1093,-0.044153906404972076416,0,0
0.00016265468207750022529,1.3130273543769137579,0.03980950446344334176,0.32997174489037345291,1.2638587903571465443,0.1169709156954911039,0.38043220627082496854,0.32645770497446441327,1094,1094,-0.043982766568660736084,0,0
0.00016286434979323696922,1.3125477354216266157,0.039831023751480107431,0.33007802987906909031,1.2640876586492704181,0.11699234762608023974,0.38043060985445259492,0.32657503535590232113,1095,1095,-0.043811630457639694214,0,0
0.00016307388121881115362,1.3120729331819920294,0.039852396119794041007,0.33018414330724649153,1.2643339745556376741,0.11701373859549450696,0.38043222162035306155,0.3266866105930848474,1096,1096,-0.043640490621328353882,0,0
0.00016328327667894572016,1.3115950921768386728,0.039873864980664135149,0.33029008576901691674,1.2645622999879380099,0.11703511791320422852,0.3804305936005814015,0.32680358245141460927,1097,1097,-0.04346935078501701355,0,0
0.000163492536583494108,1.3111221270546091766,0.039895186225510331779,0.33039585789903291868,1.2648083928805338161,0.11705646005364768458,0.38043223721551922001,0.32691471002883110142,1098,1098,-0.043298210948705673218,0,0
0.00016370166125311106124,1.3106460475709709179,0.039916605083229590722,0.33050146028430849032,1.2650361765941735559,0.11707778714585974356,0.38043057710820882278,0.32703132722420413803,1099,1099,-0.043127071112394332886,0,0
0.00016391065109466973699,1.3101749040153625181,0.039937875625707768001,0.33060689355290401314,1.265282052578678984,0.11709908091480018821,0.38043225305950051363,0.32714200965162543167,1100,1100,-0.042955935001373291016,0,0
0.0001641195064247994535,1.3097005698307970789,0.039959244899143257779,0.33071215828483774279,1.2655092956372095969,0.11712035616330575272,0.38043056037400541092,0.32725827601365448105,1101,1101,-0.042784795165061950684,0,0
0.00016432822764744824465,1.3092312325023267583,0.039980465155373873243,0.33081725510168363824,1.2657549608138567443,0.11714160201368141456,0.38043226915552180722,0.32736851575230857536,1102,1102,-0.042613655328750610352,0,0
0.00016453681507526163623,1.3087586275968650096,0.040001785258326705286,0.33092218457656413788,1.2659816642034016354,0.11716282579475771619,0.38043054339459991819,0.32748443508085839371,1103,1103,-0.04244251549243927002,0,0
0.00016474526910931688449,1.3082910813637260716,0.040022955639537484418,0.33102694732467030647,1.2662271246681620074,0.11718402417506951219,0.38043228550685143086,0.32759423454397618158,1104,1104,-0.042271375656127929688,0,0
0.0001649535900583166514,1.3078201899161578936,0.040044226980828441509,0.33113154391232668683,1.2664532892976485545,0.11720519685956021227,0.38043052616658074028,0.32770981060996123846,1105,1105,-0.042100235819816589355,0,0
0.00016516177832052078545,1.3073544198506277247,0.040065347893440871052,0.33123597494844320144,1.266698551143444984,0.11722634821396317462,0.38043230211680156838,0.32781917216331235565,1106,1106,-0.041929099708795547485,0,0
0.00016536983420072887498,1.3068852262349652804,0.040086570876989642553,0.33134024099264219876,1.266924177844760413,0.11724747016735206917,0.38043050868649291862,0.32793440870945872456,1107,1107,-0.041757959872484207153,0,0
0.0001655777580944362969,1.3064212176099485596,0.040107642722701487836,0.33144434264765260112,1.2671692471626410104,0.11726857493574346925,0.38043231898872914565,0.3280433346718614751,1108,1108,-0.041586820036172866821,0,0
0.0001657855503025784888,1.305953706391892899,0.040128817747607729849,0.33154828046648848749,1.2673943366908133612,0.1172896465182303033,0.38043049095084036093,0.3281582354134739421,1109,1109,-0.041415680199861526489,0,0
0.00016599321121793820795,1.3054914446774812387,0.040149840923476239063,0.33165205504579575724,1.2676392195711487787,0.11731070513633783114,0.38043233612603610805,0.32826672805730161553,1110,1110,-0.041244540363550186157,0,0
0.00016620074113762474247,1.3050256006110205753,0.040170968384096075732,0.33175566693207236835,1.2678637726044532652,0.11733172670290908934,0.38043047295608062308,0.32838129668301013764,1111,1111,-0.041073400527238845825,0,0
0.00016640814045175964832,1.3045650714711349849,0.040191943282620198885,0.33185911671597767558,1.2681084751381628273,0.1173527396023799213,0.38043235353217619288,0.32848935823467823036,1112,1112,-0.040902264416217803955,0,0
0.00016661540945366322517,1.3041008794952011485,0.04021302356864155797,0.33196240493758372159,1.2683324922782222011,0.11737371150287792543,0.38043045469862996066,0.3286035984071731253,1113,1113,-0.040731124579906463623,0,0
0.00016682254853084624302,1.3036420687843905952,0.04023395057783733797,0.33206553218165785202,1.2685770205578676961,0.11739467911135860467,0.38043237121064282791,0.32871123104760241462,1114,1114,-0.040559984743595123291,0,0
0.00016702955797287638811,1.3031795140195581162,0.040254984074355681933,0.33216849898193467894,1.2688005023297777019,0.117415601690552443,0.38043043617485844399,0.32882514640436355524,1115,1115,-0.040388844907283782959,0,0
0.00016723643816470354492,1.3027224077797519008,0.04027586357783633636,0.3322713059173826311,1.2690448624507886244,0.11743652443177488021,0.38043238916497995605,0.32893235226944372851,1116,1116,-0.040217705070972442627,0,0
0.00016744318939217804989,1.3022614755250510044,0.040296850665425994198,0.33237395351548559841,1.2692678093031648512,0.11745739802942530006,0.38043041738109084626,0.32904594642345164068,1117,1117,-0.040046568959951400757,0,0
0.00016764981203773820606,1.3018060599824672341,0.040317683042476466782,0.33247644234950424202,1.2695120073649790449,0.11747827632328752823,0.3804324073987796484,0.32915272760447950029,1118,1118,-0.039875429123640060425,0,0
0.00016785630638355177589,1.3013467357122350254,0.040338624097262028301,0.33257877294075705032,1.2697344196700044439,0.11749910127421234196,0.38043039831360458969,0.32926600414492335211,1119,1119,-0.039704289287328720093,0,0
0.00016806267280959372797,1.3008929972742881986,0.040359409722914955931,0.33268094585688645637,1.2699784617772573725,0.11751993553686021499,0.38043242591568282585,0.32937236268903635761,1120,1120,-0.039533149451017379761,0,0
0.00016826891159438299656,1.3004352666351166601,0.040380305116639987617,0.33278296161312881374,1.2702003398307104565,0.11754071217099756885,0.38043037896863340919,0.32948532518200329688,1121,1121,-0.039362009614706039429,0,0
0.00016847502311547938149,1.2999831918875017767,0.040401044361745200306,0.33288482077159664563,1.2704442320943269973,0.11756150281490003462,0.38043244471937831541,0.32959126309258313103,1122,1122,-0.039190869778394699097,0,0
0.00016868100764778581305,1.2995270406952159625,0.04042189446184044771,0.33298652384152577222,1.2706655761155856155,0.11758223145736980408,0.38043035934235874818,0.32970391508174651252,1123,1123,-0.039019733667373657227,0,0
0.0001688868655664941122,1.299076616398882944,0.040442587693141240912,0.33308807137958540423,1.2709093246540184019,0.11760297889140165772,0.38043246381360645847,0.32980943431883691375,1124,1124,-0.038848593831062316895,0,0
0.00016909259714292351447,1.298622030635605773,0.040463392862790971416,0.3331894638890912641,1.2711301347860610722,0.11762365986256638484,0.38043033943092019467,0.32992177932612798408,1125,1125,-0.038677453994750976562,0,0
0.00016929820274994456398,1.2981732437239930089,0.040484040442989553676,0.33329070192135407114,1.2713737457263425412,0.11764436449207930913,0.38043248320215627967,0.33002688180680994634,1126,1126,-0.03850631415843963623,0,0
0.00016950368265532410783,1.2977202095352875499,0.040504801041195345745,0.3333917859738480538,1.2715940220356933832,0.11766499810760167044,0.38043031923040460107,0.33013892333308042515,1127,1127,-0.038335174322128295898,0,0
0.00016970903722965743768,1.2972730471114350959,0.040525403329025648513,0.33349271659260909528,1.2718375015146625717,0.11768566033450347796,0.38043250288887037192,0.33024361093185961025,1128,1128,-0.038164034485816955566,0,0
0.00016991426673718980356,1.2968215508034701688,0.040546119710670257275,0.33359349426934720162,1.2720572439913453433,0.11770624690540341939,0.38043029873685074715,0.33035535245754044098,1129,1129,-0.037992898374795913696,0,0
0.00017011937154628669982,1.2963760001373403341,0.040566677060962307022,0.33369411954490546535,1.272300598156721696,0.11772686712822826027,0.38043252287763817954,0.33045962700670239443,1130,1130,-0.037821758538484573364,0,0
0.00017032435191770159497,1.2959260281741751264,0.040587349576870011825,0.33379459290530510973,1.2725198067141747504,0.11774740696093785597,0.38043027794624606486,0.3305710719924416785,1131,1131,-0.037650618702173233032,0,0
0.00017052920821761523469,1.2954820766998920156,0.040607862340619874097,0.33389491488627748295,1.272763041725770039,0.11776798557492294817,0.3804325431724066009,0.33067493528241465039,1132,1132,-0.0374794788658618927,0,0
0.00017073394070331849811,1.2950336157007362736,0.040628491337618546919,0.33399508596822913287,1.272981716200761948,0.11778847897134143985,0.38043025685452891427,0.33078608716972673909,1133,1133,-0.037308339029550552368,0,0
0.00017093854973885156344,1.2945912510139876428,0.04064895986205197681,0.3340951066818587667,1.2732248382315964896,0.11780901636849729075,0.38043256377717665773,0.33088954094941525064,1134,1134,-0.037137202918529510498,0,0
0.00017114303557807126208,1.2941442877506097453,0.040669545683029766081,0.33419497750203142061,1.273442978384081492,0.11782946362604111712,0.38043023545758625215,0.33100040316130002749,1135,1135,-0.036966063082218170166,0,0
0.0001713473985829213318,1.2937034976060592939,0.040689970311666247282,0.334294698954491043,1.2736859936214997013,0.11784996019522117616,0.38043258469599722238,0.33110344913841915915,1136,1136,-0.036794923245906829834,0,0
0.00017155163900385198656,1.2932580190001865539,0.040710513295630378072,0.33439427150863243465,1.2739035991345109,0.11787036160687716646,0.38043021375125229966,0.33121402507998604081,1137,1137,-0.036623783409595489502,0,0
0.0001717557572007538376,1.2928187913089708161,0.040730894368345184342,0.33449369568532161257,1.2741465137813228203,0.11789081773384693652,0.38043260593297451022,0.33131666492137090696,1138,1138,-0.03645264357328414917,0,0
0.00017195975342069780333,1.2923747844297319709,0.040751394850479051579,0.3345929719485530307,1.2743635842608223019,0.11791117358822172934,0.38043019173130698807,0.33142695798045845867,1139,1139,-0.036281503736972808838,0,0
0.00017216362802156405889,1.2919371072569623138,0.040771732703566473943,0.33469210081439032534,1.2746064045364693396,0.11793158965572929364,0.38043262749227263475,0.33152919331237412637,1140,1140,-0.036110367625951766968,0,0
0.00017236738124707046485,1.2914945593184532502,0.04079219101528274577,0.3347910827414963264,1.2748229395111383422,0.1179519002370958275,0.38043016939347795713,0.33163920686015030403,1141,1141,-0.035939227789640426636,0,0
0.00017257101345312920678,1.2910584208807738271,0.040812485981517050704,0.33488991824120628582,1.2750656716528192547,0.11797227662493835199,0.38043264937810677973,0.33174103926859171976,1142,1142,-0.035768087953329086304,0,0
0.00017277452488013091852,1.2906173192396561689,0.040832902450510695502,0.33498860776691891106,1.2752816705738685421,0.11799254221328291103,0.38043014673343777954,0.33185077666014678455,1143,1143,-0.035596948117017745972,0,0
0.00017297791588206148363,1.2901827079028569401,0.040853154859206715355,0.33508715182531401133,1.2755243208376967345,0.11801287929837482593,0.38043267159475219197,0.33195220769112465664,1144,1144,-0.03542580828070640564,0,0
0.00017318118669600924588,1.2897430400559453112,0.040873529809508743482,0.33518555086459228542,1.2757397830786638693,0.11803310016944283667,0.3804301237468038499,0.33206167226607091747,1145,1145,-0.035254668444395065308,0,0
0.0001733843376740755286,1.2893099443326496711,0.040893739986579788481,0.33528380538684976475,1.2759823577407942707,0.11805339832588043758,0.38043269414654007354,0.33216270342588227749,1146,1146,-0.035083532333374023438,0,0
0.00017358736905007064451,1.2888716979146357389,0.040914073738606539232,0.33538191583515403194,1.2761972825972838219,0.11807357475121939283,0.38043010042913699698,0.33227189850893085188,1147,1147,-0.034912392497062683105,0,0
0.00017379028117425206852,1.2884401064619863675,0.040934242006623482169,0.33547988270708795078,1.276439787955070404,0.11809383435034674636,0.38043271703785885851,0.3323725312644285057,1148,1148,-0.034741252660751342773,0,0
0.00017399307427717598893,1.2880032692431628849,0.04095453487722671565,0.33557770644064954801,1.2766541746445041472,0.11811396659734950398,0.38043007677594214977,0.33248146016596785701,1149,1149,-0.034570112824440002441,0,0
0.00017419574870729666273,1.2875731708605735459,0.040974661555475397345,0.33567538752897801979,1.2768966170176558883,0.11813418800782297946,0.38043274027315787666,0.3325816959448144039,1150,1150,-0.034398972988128662109,0,0
0.00017439830469193911178,1.2871377307446194571,0.040994913857990346318,0.33577292640506423149,1.277110464678991697,0.11815427633976828548,0.38043005278266739388,0.33269036196147949713,1151,1151,-0.034227836877107620239,0,0
0.00017460074257779443639,1.2867091143715585488,0.041014999262528530066,0.33587032355767193481,1.2773528504107272141,0.11817445992762069806,0.38043276385694629882,0.3327902021523962417,1152,1152,-0.034056697040796279907,0,0
0.00017480306258897912474,1.2862750593933813814,0.041035211306820258692,0.33596757941484628462,1.2775661581041406478,0.11819450460371211387,0.38043002844470025225,0.33289860856763064945,1153,1153,-0.033885557204484939575,0,0
0.00017500526507046074804,1.2858479141072090002,0.041055255750533085901,0.33606469446104259013,1.277808493562344605,0.11821465073241523014,0.3804327877937915825,0.33299805452063191424,1154,1154,-0.033714417368173599243,0,0
0.00017520735024316899902,1.285415232430812349,0.041075427843043091358,0.33616166911942035878,1.2780212602689271506,0.11823465200782096174,0.38043000375737040519,0.33310620460524686948,1155,1155,-0.033543277531862258911,0,0
0.00017540931845038727635,1.2849895474446515475,0.041095431635698335959,0.33625850387019284859,1.2782635518473197678,0.11825476103834839381,0.38043281208832546714,0.33320525763186675805,1156,1156,-0.033372137695550918579,0,0
0.00017561116990987983609,1.2845582273610824942,0.041115564079487840199,0.33635519913169276141,1.2784757764687104675,0.11827471916423688836,0.38042997871594730341,0.33331315464458882714,1157,1157,-0.033201001584529876709,0,0
0.0001758129049632847188,1.2841339920217214043,0.041135527527790378965,0.33645175537995619663,1.2787180305880083697,0.11829479145512550309,0.38043283674523914462,0.33341181601810226942,1158,1158,-0.033029861748218536377,0,0
0.00017601452382522134372,1.2837040219470219338,0.041155620622584467017,0.33654817302854705963,1.2789297119460436569,0.11831470667870185032,0.38042995331563705941,0.33351946320612119168,1159,1159,-0.032858721911907196045,0,0
0.000176216026835721018,1.2832812257328423122,0.041175544030231235604,0.3366444525493885731,1.2791719350551722378,0.1183347425861151353,0.38043286176929064224,0.33361773416175344309,1160,1160,-0.032687582075595855713,0,0
0.00017641741420627840889,1.2828525942061326237,0.041195598072457879912,0.3367405943513324118,1.2793830718914527278,0.11835461515065277827,0.38042992755158649976,0.33372513476124920917,1161,1161,-0.032516442239284515381,0,0
0.00017661868627535609144,1.2824312267250648212,0.041215481740191441118,0.33683659890225170486,1.2796252704687081092,0.11837461502844064121,0.38043288716529671811,0.33382301649638523866,1162,1162,-0.032345302402973175049,0,0
0.00017681984325134363209,1.2820039224065433725,0.041235497023025292906,0.33693246660634207368,1.2798358614442357784,0.11839444517331756956,0.38042990141887650379,0.33393017373307337659,1163,1163,-0.032174166291952133179,0,0
0.00017702088547117265818,1.2815839733941023493,0.041255341248686086542,0.33702819792748855976,1.2800780419984962855,0.11841440937307758097,0.38043291293814396337,0.33402766740744199714,1164,1164,-0.032003026455640792847,0,0
0.00017722181314014644627,1.2811579850632284217,0.041275318062084183357,0.3371237932652850211,1.2802880856931844189,0.11843419733380397552,0.38042987491252611143,0.3341345844970853296,1165,1165,-0.031831886619329452515,0,0
0.00017742262659370318942,1.2807394443805504292,0.041295123140662630401,0.33721925307968986241,1.2805302547650880829,0.11845412620494065459,0.38043293909278136367,0.33423169123294887983,1166,1166,-0.031660746783018112183,0,0
0.00017762332603407830572,1.2803147609341294366,0.041315061771405967028,0.33731457776574885754,1.2807397496773569312,0.11847387221319279071,0.38042984802748897044,0.33433837138189309579,1167,1167,-0.031489606946706771851,0,0
0.00017782391179525347102,1.2798976185659978189,0.04133482799509666239,0.33740976777955361543,1.2809819138405673655,0.11849376610298004153,0.38043296563422984713,0.33443509226422929448,1168,1168,-0.03131847083568572998,0,0
0.00017802438407641429691,1.2794742290164933252,0.041354728726821401996,0.33750482351165483896,1.2811908583867726019,0.11851347038662322919,0.38042982075865322544,0.3345415386698965543,1169,1169,-0.031147329136729240417,0,0
0.0001782247432101226423,1.2790584750694402594,0.041374456385074163955,0.33759974541433651618,1.2814330242491718259,0.11853332964026276619,0.38043299256757256988,0.33463787474657219478,1170,1170,-0.030976191163063049316,0,0
0.00017842498939253149687,1.2786363685431407777,0.041394319498310995498,0.33769453387370573783,1.2816414167631660082,0.11855299242338307453,0.38042979310083985256,0.33474409059798510002,1171,1171,-0.030805051326751708984,0,0
0.0001786251229548194131,1.2782219932435714416,0.041414008877882248216,0.33778918933829732429,1.2818835909680978968,0.11857281738406426352,0.3804330198979637423,0.33484004287991725457,1172,1172,-0.030633913353085517883,0,0
0.00017882514409012350968,1.2778011589789510793,0.0414338346500869939,0.33788371218982554689,1.2820914297006402727,0.11859243888699082248,0.38042976504880093858,0.33494603135818984407,1173,1173,-0.030462773516774177551,0,0
0.00017902505312827516368,1.2773881526712500545,0.04145348603509297486,0.3379781028731334569,1.2823336189281986375,0.11861222989595225641,0.38043304763062962826,0.33504160081950840055,1174,1174,-0.030291633680462837219,0,0
0.00017922485025941194007,1.2769685800173138368,0.041473274740678432726,0.33807236176559235519,1.2825409020463767185,0.11863181033528036323,0.38042973659721912583,0.33514736509834336387,1175,1175,-0.030120495706796646118,0,0
0.00017942453581205373785,1.2765569331620110205,0.041492888412646186658,0.33816648930840997878,1.282783113014658527,0.11865156773186892603,0.38043307577086471483,0.33524255267654345936,1176,1176,-0.029949355870485305786,0,0
0.00017962410997335428921,1.2761386115766601979,0.041512640323014354804,0.33826048587466350792,1.2829898386013260936,0.11867110732048451183,0.38042970774070850037,0.33534809592272629697,1177,1177,-0.029778216034173965454,0,0
0.00017982357307055757694,1.2757283147486175867,0.041532216560932734561,0.33835435190198126509,1.2832320780677053396,0.11869083144221469206,0.38043310432403593113,0.33544290251881297982,1178,1178,-0.029607078060507774353,0,0
0.00018002292528784876054,1.2753112337971259649,0.041551931944501921401,0.33844808775919416055,1.2834382441208262993,0.11871033038931258496,0.38042967847380965152,0.33554822789268884398,1179,1179,-0.029435938224196434021,0,0
0.00018022216695123103474,1.2749022776837055648,0.041571471024874621925,0.33854169388040594724,1.2836805188832876023,0.1187300215719282459,0.38043313329558420266,0.3356426543713214028,1180,1180,-0.029264798387885093689,0,0
0.00018042129824193586709,1.2744864270372147086,0.041591150147106667467,0.3386351706302485054,1.2838861233152809582,0.11874948008303116975,0.38042964879099322451,0.33574776502727116112,1181,1181,-0.029093660414218902588,0,0
0.0001806203194847604129,1.2740788024364790854,0.041610652344004413206,0.33872851843935497529,1.2841284402137507215,0.1187691386605663757,0.38043316269102839255,0.33584181221689923813,1182,1182,-0.028922520577907562256,0,0
0.00018081923085799667789,1.2736641718705308257,0.041630295467430106227,0.33882173766820433691,1.2843334808507791411,0.11878855693754063194,0.38042961868665314817,0.3359467113038147601,1183,1183,-0.028751380741596221924,0,0
0.0001810180326852706351,1.2732578696894847337,0.041649761052541804662,0.3389148287440126861,1.2845758467684431636,0.11880818324237957251,0.38043319251595747454,0.33604037999680819171,1184,1184,-0.028580242767930030823,0,0
0.00018121672514194846226,1.2728444490826225088,0.041669368436784683107,0.33900779202315128869,1.2847803213497062114,0.11882756148345119396,0.38042958815510946602,0.33614507065855225854,1185,1185,-0.028409102931618690491,0,0
0.00018141530855051931932,1.2724394603353830213,0.041688797679472852642,0.33910062792947154309,1.2850227432144356587,0.11884715584639241048,0.38043322277604257886,0.33623836161133513478,1186,1186,-0.02823796495795249939,0,0
0.00018161378308343691882,1.2720272396678327098,0.041708369581268854576,0.33919333681528174296,1.2852266493913619971,0.11886649424615702841,0.38042955719060483899,0.33634284698719335571,1187,1187,-0.028066825121641159058,0,0
0.00018181214906208757027,1.2716235554738866131,0.041727762748621645417,0.3392859191011203257,1.2854691341770809743,0.11888605699647418479,0.38043325347702927619,0.33643576092036431291,1188,1188,-0.027895685285329818726,0,0
0.00018201040665602550433,1.2712125248261954003,0.041747299421841986555,0.33937837513527624456,1.2856724695125876234,0.11890535574591140633,0.38042952578730576674,0.33654004414550475754,1189,1189,-0.027724547311663627625,0,0
0.00018220855618556795297,1.270810136408628388,0.041766656778727727362,0.33947070533502593515,1.2859150242407126896,0.11892488721141745989,0.38043328462474762519,0.33663258174395727096,1190,1190,-0.027553407475352287292,0,0
0.00018240659781738207909,1.2704002859604965892,0.041786158474392619266,0.33956291004468197592,1.2861177862082937562,0.11894414649789496197,0.38042949393929875734,0.33673666594985968148,1191,1191,-0.02738226763904094696,0,0
0.00018260453187074948472,1.2699991846442191257,0.041805480283514981354,0.3396549896783089828,1.2863604179491756607,0.11896364700500586253,0.38043331622510406786,0.33682882786290491151,1192,1192,-0.027211129665374755859,0,0
0.00018280235850946235389,1.2695905046732942623,0.04182494724981001416,0.33974694457628540345,1.2865626039320345875,0.1189828670122868165,0.38042946164058688563,0.33693271617779957383,1193,1193,-0.027039989829063415527,0,0
0.00018300007805180010636,1.2691906818832086046,0.041844233771767144758,0.33983877514951360554,1.2868053198065187992,0.11900233688609052063,0.3804333482840915881,0.33702450301928821297,1194,1194,-0.026868849992752075195,0,0
0.00018319769065869119583,1.2687831627639720722,0.04186366625405554126,0.3399304817344790397,1.2870069270966326691,0.11902151779433625678,0.38042942888509390098,0.33712819856857839662,1195,1195,-0.026697712019085884094,0,0
0.00018339519664744592794,1.2683846100232567533,0.041882917747394485253,0.34002206473897067518,1.2872497342775301998,0.11904095735865660721,0.38043338080778799082,0.33721961091700697333,1196,1196,-0.026526572182774543762,0,0
0.00018359259617614024761,1.2679782422259551211,0.041902315988227557819,0.34011352449562165523,1.287450760074663636,0.11906009934442721154,0.38042939566665812112,0.33732311682368926187,1197,1197,-0.02635543234646320343,0,0
0.0001837898895611482248,1.2675809511542581731,0.041921532709503640801,0.34020486140915573436,1.2876936657883226722,0.11907950892189292369,0.38043341380235479177,0.33741415522231765767,1198,1198,-0.026184294372797012329,0,0
0.00018398707695770389367,1.2671757252438691221,0.041940896948630276841,0.34029607580839354997,1.2878941071990399614,0.11909861215814721014,0.38042936197903298723,0.3375174746073946741,1199,1199,-0.026013154536485671997,0,0
0.00018418415868127750615,1.2667796875554657721,0.041960079152469000052,0.34038716809504099281,1.2881371187269787804,0.11911799207026313452,0.38043344727404238004,0.33760813956436647176,1200,1200,-0.025842014700174331665,0,0
0.0001843811348842715398,1.2663755941909102809,0.041979409626833739944,0.34047813859414532978,1.2883369727634470525,0.11913705672634702926,0.38042932781588084667,0.33771127554722152331,1201,1201,-0.025670876726508140564,0,0
0.0001845780058812850088,1.2659808016928200125,0.041998557565995985053,0.34056898770444160585,1.288580097444070649,0.11915640729356986871,0.38043348122919296017,0.33780156753568724159,1202,1202,-0.025499736890196800232,0,0
0.00018477477182189853771,1.2655778316260266614,0.042017854509744365088,0.34065971574724202009,1.2887793610229802965,0.11917543353521158067,0.38042929317077911477,0.33790452323448627592,1203,1203,-0.025328598916530609131,0,0
0.00018497143301987177847,1.2651842762162270883,0.042036968435187192783,0.34075032311835662391,1.2890226062532130769,0.11919475507702020911,0.38043351567423816517,0.33799444269271139429,1204,1204,-0.025157459080219268799,0,0
0.0001851679896219732334,1.2647824202913602321,0.042056232079663698198,0.3408408101354005737,1.28922127619457072,0.11921374306631818407,0.38042925803721183708,0.33809722122477892103,1205,1205,-0.024986319243907928467,0,0
0.00018536444194115509485,1.2643900939568502029,0.042075312240609494263,0.34093117719130444643,1.2894646494316570617,0.11923303590129288865,0.38043355061570288678,0.33818676855627333167,1206,1206,-0.024815181270241737366,0,0
0.00018556079012138263331,1.2639893431096969056,0.042094542814348330506,0.34102142460002315971,1.2896627224574610526,0.11925198579669660237,0.38042922240856918981,0.33828937303844036633,1207,1207,-0.024644041433930397034,0,0
0.0001857570344748323487,1.2635982379245249696,0.042113589458356755213,0.3411115527516527246,1.2899062312208333658,0.1192712502426017257,0.38043358606021038248,0.33837854861209043511,1208,1208,-0.024472901597619056702,0,0
0.00018595317514267506172,1.2631985831818604016,0.042132787187073347801,0.34120156195652434628,1.2901037039537344153,0.11929016219889206074,0.38042918627814492627,0.33848098216105243496,1209,1209,-0.024301763623952865601,0,0
0.00018614921243634277776,1.262808691305159936,0.042151800560113632244,0.34129145260194354572,1.2903473558269007437,0.11930939857275867089,0.38043362201448155391,0.33856978631124967638,1210,1210,-0.024130623787641525269,0,0
0.00018634514649422027031,1.2624101237842666468,0.042170965666689548546,0.34138122499465362036,1.2905442247887568552,0.11932827274102252024,0.38042914963913465609,0.33867205204389877471,1211,1211,-0.023959483951330184937,0,0
0.00018654097762702654632,1.2620214374582081618,0.042189946013217814735,0.3414708795192132329,1.2907880274212835126,0.11934748135923671508,0.38043365848533899909,0.33876048507068123872,1212,1212,-0.023788345977663993835,0,0
0.00018673670597036808407,1.2616239483664977161,0.042209078717680668935,0.34156041647881274503,1.2909842890316380881,0.11936631788683622901,0.38042911248463523455,0.3388625861044183285,1213,1213,-0.023617206141352653503,0,0
0.00018693233183428162921,1.2612364599142098509,0.042228026280719276053,0.34164983625530692679,1.2912282501411649349,0.11938549906522855082,0.38043369547970473654,0.33895064827361848225,1214,1214,-0.023446066305041313171,0,0
0.00018712785535160344217,1.2608400405489215146,0.042247126800219310383,0.34173913914836784311,1.2914239007156560479,0.11940429809576687259,0.38042907480763882289,0.33905258772665702871,1215,1215,-0.02327492833137512207,0,0
0.00018732327683171855464,1.2604537423722284029,0.042266041821446463655,0.34182832553718878188,1.2916680280901329247,0.11942345214971333833,0.38043373300461225117,0.33914027927007117658,1216,1216,-0.023103788495063781738,0,0
0.00018751859640470024625,1.2600583841203298885,0.042285110370223012721,0.34191739571795726205,1.29186306383870253,0.11944221382298964018,0.38042903660102983521,0.33924206026171149775,1217,1217,-0.022932648658752441406,0,0
0.00018771381437931240928,1.2596732686975919968,0.04230399309005857672,0.34200635006724677822,1.2921073653385495295,0.11946134106750914972,0.38043377106720022152,0.33932938137725759953,1218,1218,-0.022761510685086250305,0,0
0.00018790893088287244405,1.2592789630356790997,0.042323029879407260412,0.34209518887779388763,1.2923017823637059642,0.11948006551947508436,0.38042899785758826914,0.33943100702815437453,1219,1219,-0.022590370848774909973,0,0
0.00018810394622355319002,1.2588950229193327512,0.042341880537112817906,0.34218391252359331434,1.2925462659242203944,0.11949916626933936026,0.38043380967471918108,0.33951795788007627097,1220,1220,-0.022419232875108718872,0,0
0.00018829886052592299871,1.2585017614138231945,0.042360885775338162629,0.3422725212939633499,1.292740060219015108,0.11951785363204014967,0.38042895856997743786,0.33961943131246341565,1221,1221,-0.02224809303879737854,0,0
0.00018849367409759379757,1.2581189892280022491,0.04237970460911596321,0.34236101556036074856,1.2929847338528019929,0.1195369282018855922,0.38043384883453601475,0.3397060120315186782,1222,1222,-0.022076953202486038208,0,0
0.00018868838706039106927,1.2577267635352997743,0.042398678501485105585,0.34244939560871751061,1.2931779012988251498,0.11955557860340147724,0.38042891873074602405,0.33980733636943905029,1223,1223,-0.021905815228819847107,0,0
0.00018888299972139545508,1.2573451519732361525,0.042417465748587672436,0.34253766180799249952,1.2934227730984020344,0.11957462730785022031,0.38043388855413606819,0.33989354705312335714,1224,1224,-0.021734675392508506775,0,0
0.00018907751219969626375,1.256953953840242999,0.042436408497267749662,0.34262581444076317672,1.2936153094635136629,0.11959324087222272803,0.38042887833232447159,0.33999472542259756569,1225,1225,-0.021563535556197166443,0,0
0.00018927192480187206964,1.2565734956615282059,0.042455164394115417481,0.34271385387352998331,1.2938603876040590812,0.11961226402601173036,0.38043392884112803287,0.34008056613539300317,1226,1226,-0.021392397582530975342,0,0
0.00018946623764428180805,1.2561833169262384136,0.042474076198106301694,0.34280178038554681708,1.2940522885400178588,0.11963084087316379345,0.38042883736701788022,0.34018160166457833693,1227,1227,-0.02122125774621963501,0,0
0.00018966045103303128699,1.2558040049539274108,0.042492800980413823753,0.34288959434089449907,1.2942975812822890003,0.1196498387912836997,0.38043396970324655504,0.34026707243822712501,1228,1228,-0.021050117909908294678,0,0
0.00018985456508175492301,1.2554148375462355069,0.04251168203547075336,0.34297729601553433865,1.294488842322230937,0.11966837903693082479,0.38042879582700767083,0.34036796825753617979,1229,1229,-0.020878979936242103577,0,0
0.00019004858009611448914,1.2550366646638968504,0.042530375938377704137,0.34306488577116572847,1.2947343580155541432,0.11968735203476900397,0.3804340111483589526,0.34045306909132300177,1230,1230,-0.020707840099930763245,0,0
0.00019024249618702557523,1.2546485006065857259,0.042549226436923812122,0.343152363880487421,1.29492497457126432,0.11970585579031796375,0.38042875370433848481,0.34055382833351655059,1231,1231,-0.020536700263619422913,0,0
0.00019043631365973443382,1.2542714597550423949,0.042567889695141289397,0.3432397307028551281,1.2951707216568171255,0.1197248041838177568,0.38043405318446577024,0.34063855919460189758,1232,1232,-0.020365562289953231812,0,0
0.000190630032622443222,1.2538842911650485146,0.042586709826167704063,0.34332698650773468829,1.2953606890158329001,0.11974327155625533181,0.38042871099092395726,0.34073918499482797051,1233,1233,-0.020194422453641891479,0,0
0.00019082365338001083398,1.2535083753389633099,0.0426053426741335034,0.34341413165217549164,1.2956066760300533058,0.11976219566208347322,0.38043409581970860645,0.34082354581861290521,1234,1234,-0.020023284479975700378,0,0
0.00019101717603793136086,1.2531221944288912784,0.042624132623085751737,0.34350116640243971711,1.2957959893525026196,0.11978062675384927582,0.38042866767853195098,0.34092404131440756654,1235,1235,-0.019852144643664360046,0,0
0.00019121060090070428382,1.252747396673106417,0.042642735295133592233,0.34358809111330690378,1.2960422249307803622,0.11979952688957870577,0.38043413906237583122,0.34100803200493329248,1236,1236,-0.019681004807353019714,0,0
0.00019140392807112072376,1.2523621957530000071,0.042661495243785214904,0.34367490604786432584,1.2962308792460048856,0.11981792179842551405,0.38042862375878272463,0.34110840033617695344,1237,1237,-0.019509866833686828613,0,0
0.00019159715785334807073,1.2519885091586158143,0.042680067974327981495,0.34376161155865775365,1.2964773721266007467,0.11983679828273212375,0.38043418292090924737,0.34119202076657373368,1238,1238,-0.019338726997375488281,0,0
0.0001917902903474798422,1.25160428063805651,0.042698798100637654074,0.34384820790562814485,1.2966653623295183451,0.11985515710156983971,0.38042857922314671226,0.34129226507538645841,1239,1239,-0.019167587161064147949,0,0
0.00019198332585737846925,1.2512316983382183455,0.042717341124366078886,0.34393469543912291719,1.2969121213577312623,0.11987401025444399671,0.38043422740390803183,0.34137551508837593595,1240,1240,-0.018996449187397956848,0,0
0.00019217626448044471772,1.2508484347287849303,0.042736041602315935628,0.34402107441596446735,1.2970994422048587325,0.11989233307116368976,0.38042853406292781449,0.34147563851895385012,1241,1241,-0.018825309351086616516,0,0
0.00019236910652026270401,1.2504769498942234218,0.042754555154411642837,0.344107345184336888,1.2973464763374764619,0.11991116321413813894,0.38043427252013400919,0.34155851792738950445,1242,1242,-0.018654169514775276184,0,0
0.00019256185207154586335,1.2500946438121836035,0.042773226153833950047,0.34419350799797193696,1.2975331224427950616,0.11992945011142540357,0.38042848826927044836,0.34165852362579207657,1243,1243,-0.018483031541109085083,0,0
0.00019275450143762580145,1.2497242496462994676,0.04279171047020625257,0.34427956320292441017,1.2977804407529223152,0.11994825756782589998,0.38043431827852913774,0.3417410322132839462,1244,1244,-0.018311891704797744751,0,0
0.00019294705471053374577,1.2493428938158863684,0.042810352156579252469,0.34436551104986273808,1.2979664065831670872,0.11996650862294087891,0.38042844183313756501,0.34184092332712928686,1245,1245,-0.018140751868486404419,0,0
0.00019313951219337481221,1.2489735835494821803,0.042828807474120926535,0.34445135188274622617,1.2982140182653765237,0.11998529371815619404,0.38043436468820723828,0.34192306084873241856,1246,1246,-0.017969613894820213318,0,0
0.00019333187397550308912,1.2485931708065249879,0.042847420008347694709,0.34453708594920701147,1.2983992981351137885,0.12000350900269927956,0.38042839474531064958,0.34202284052681625193,1247,1247,-0.017798474058508872986,0,0
0.00019352414035982227472,1.2482249376921648043,0.042865846565211772334,0.34462271359114193814,1.2986472125109760345,0.12002227206447352303,0.38043441175847725333,0.34210460670978115605,1248,1248,-0.017627334222197532654,0,0
0.00019371631143301476638,1.2478454609881328707,0.042884430103376176835,0.34470823505317366164,1.2988318005772505614,0.12004045164412534275,0.38042834699638167217,0.34220427810162928894,1249,1249,-0.017456196248531341553,0,0
0.00019390838749780734762,1.2474782982939456311,0.042902828139281361242,0.34479365067516909438,1.2990800271013089873,0.12005919300287781759,0.38043445949884496793,0.34228567264625975319,1250,1250,-0.017285056412220001221,0,0
0.00019410036863821636269,1.2470997507006909011,0.042921382832368779048,0.34487896069876783356,1.2992639173577236189,0.12007733693710494205,0.38042829857673637894,0.34238523890155347917,1251,1251,-0.01711391843855381012,0,0
0.00019429225515681542444,1.2467336517036713417,0.042939752588932976474,0.34496416546183850116,1.2995124656239818162,0.12009605692628039231,0.38043450791902838626,0.34246626148214653895,1252,1252,-0.016942778602242469788,0,0
0.00019448404713496075997,1.2463560264185957749,0.042958278582528028333,0.34504926520306411497,1.2996956518943960646,0.12011416526801672877,0.38042824947655107248,0.34256572575006871695,1253,1253,-0.016771638765931129456,0,0
0.00019467574487509614893,1.2459909843973304699,0.042976620303631904441,0.34513426025834642585,1.2999445316432729491,0.1201328642244642031,0.38043455702896578075,0.3426463760159662586,1254,1254,-0.016600500792264938354,0,0
0.0001948673484559236915,1.245614274749296424,0.04299511773757781069,0.34521915086343762935,1.3001270075748658783,0.12015093701975410045,0.38042819968577507028,0.34274574144441449786,1255,1255,-0.016429360955953598022,0,0
0.00019505885817977980422,1.2452502829759970471,0.043013431669765532506,0.34530393735230313634,1.3003762287007862852,0.12016961528414435434,0.38043460683882851514,0.34282601902117670889,1256,1256,-0.01625822111964225769,0,0
0.00019525027412271915529,1.2448744824319666336,0.043031900677785304976,0.34538861995779052139,1.3005579877564874547,0.12018765257174689187,0.38042814919411716001,0.34292528875584382675,1257,1257,-0.016087083145976066589,0,0
0.00019544159658699231954,1.2445115341638286477,0.043050187070701927128,0.34547319901195844283,1.3008075603160818012,0.12020631048902712112,0.3804346573590338676,0.343005193246546769,1258,1258,-0.015915943309664726257,0,0
0.00019563282564601339078,1.2441366363362051928,0.043068627779983055526,0.34555767474477577794,1.3009885957664319989,0.12022431229998437052,0.3804280979910414362,0.34310437042986713374,1259,1259,-0.015744803473353385925,0,0
0.00019582396160196802724,1.2437747248059913829,0.04308688688685270024,0.34564204748642352039,1.301238529987384096,0.12024295021987327359,0.38043470860026101787,0.34318390141654719905,1260,1260,-0.015573664568364620209,0,0
0.00019601500452563750039,1.2434007234608144277,0.043105299417586138977,0.34572631746401760733,1.301418834901608701,0.12026091657703089077,0.38042804606574209814,0.34328298918649335913,1261,1261,-0.015402525663375854492,0,0
0.00019620595471916204037,1.243039841866502071,0.043123531495740628772,0.34581048500588978944,1.3016691411923695387,0.12027953485456556459,0.3804347605734677007,0.3433621462317565376,1262,1262,-0.015231386758387088776,0,0
0.00019639681225069836336,1.2426667309327361632,0.043141915960602870983,0.34589455033632876546,1.3018487084285335076,0.12029746577203637159,0.38042799340712690759,0.34346114772043173646,1263,1263,-0.015060247853398323059,0,0
0.00019658757742236002814,1.2423068724262023022,0.043160121272061889586,0.34597851378184468762,1.302099397388874813,0.12031606476817149898,0.38043481328990685908,0.34353993036924285187,1264,1264,-0.014889108017086982727,0,0
0.00019677825029968816733,1.2419346460059272896,0.04317847777564937789,0.34606237556392477339,1.3022782195832638408,0.12033396025075125679,0.38042794000380497632,0.34363884870130767535,1265,1265,-0.01471796911209821701,0,0
0.0001969688311847870969,1.2415758036805439879,0.043196656587758362755,0.34614613600728411091,1.3025293020157668877,0.1203525403330158311,0.38043486676114751655,0.34371725648298190325,1266,1266,-0.014546830207109451294,0,0
0.00019715932014059242192,1.2412044560603974208,0.043214985225955813986,0.34622979533063463764,1.3027073715711836588,0.12037040037553194127,0.38042788584406267427,0.34381609477384916795,1267,1267,-0.014375690370798110962,0,0
0.0001973497174692151804,1.2408466229375343381,0.043233137812082968188,0.34631335385692202378,1.3029588584937070728,0.12038896191874627617,0.38043492099909259618,0.34389412720424511472,1268,1268,-0.014204551465809345245,0,0
0.00019754002323099645452,1.2404761486013042848,0.043251438671370587286,0.34639681180210901701,1.3031361675667825217,0.12040678650534460126,0.38042783091584442268,0.34399288855805976173,1269,1269,-0.014033412560820579529,0,0
0.00019773023772806869527,1.2401193176154476916,0.043269565311677492259,0.34648016948739690513,1.3033880702261226858,0.12042532989241179486,0.38043497601600473335,0.3440705451420311145,1270,1270,-0.013862273655831813812,0,0
0.00019792036101819063211,1.2397497112582334111,0.04328783846835580762,0.34656342712602533629,1.3035646107132823346,0.12044311899576080893,0.38042777520672688141,0.34416923264936044591,1271,1271,-0.01369113381952047348,0,0
0.00019811039340352919365,1.2393938752405242454,0.04330593945065196182,0.34664658503747519669,1.3038169406002080297,0.12046164461854200201,0.38043503182453275446,0.34424651288349961131,1272,1272,-0.013519994914531707764,0,0
0.00019830033493927417361,1.2390251317844014345,0.04332418496998628743,0.34672964343228973583,1.3039927041223218218,0.12047939819895503444,0.38042771870389063826,0.34434512961874508274,1273,1273,-0.013348856009542942047,0,0
0.00019849018592763836236,1.2386702834448013455,0.043342260590658335251,0.34681260262825225338,1.3042454729878376618,0.12049790645922178745,0.38043508843773599093,0.34442203299438090003,1274,1274,-0.013177716173231601715,0,0
0.00019867994642125752567,1.2383023980560876609,0.04336047852593826607,0.34689546283323646758,1.3044204508734928982,0.12051562446369364079,0.38042766139409373016,0.34452058201289181838,1275,1275,-0.013006577268242835999,0,0
0.00019886961672239963981,1.2379485299636117102,0.043378529090981755856,0.34697822436334979646,1.3046736707467621041,0.120534115774182507,0.38043514586911747477,0.34459710801944914982,1276,1276,-0.012835438363254070282,0,0
0.00019905919688116322061,1.2375814980722121827,0.043396719482470931528,0.34706088742382401602,1.3048478540137804504,0.12055179813531617661,0.38042760326364188916,0.344695592354243463,1277,1277,-0.012664299458265304565,0,0
0.00019924868719987872149,1.2372286026332075526,0.043414745308626670472,0.34714345232911125727,1.3051015372217336097,0.12057027292088912107,0.38043520413265724534,0.34477174048297082321,1278,1278,-0.012493159621953964233,0,0
0.00019943808772612597532,1.2368624199539131059,0.043432908182407706232,0.34722591928182910959,1.3052749165569659251,0.12058791955571568355,0.38042754429835134999,0.34487016314109497639,1279,1279,-0.012322020716965198517,0,0
0.00019962739876230271028,1.2365104893882137294,0.043450909598412031098,0.34730828859479384585,1.305529075745769374,0.12060637825463535466,0.38043526324284665519,0.34494593288918679042,1280,1280,-0.0121508818119764328,0,0
0.00019981662035349081162,1.2361451519443513725,0.043469044965106604095,0.34739056046803745703,1.3057016414828761519,0.1206239890633083317,0.38042748448350899304,0.34504429684763521236,1281,1281,-0.011979741975665092468,0,0
0.0002000057528021575591,1.235794178258972531,0.043487022313073650515,0.34747273521275812147,1.3059562896415568556,0.12064243212864723953,0.3804353232147341668,0.34511968772281115259,1282,1282,-0.011808603070676326752,0,0
0.00020019479615091014652,1.2354296824086674622,0.04350513016642341968,0.34755481302643176367,1.3061280317365413506,0.12066000699299662957,0.38042742380383420819,0.34521799592395585599,1283,1283,-0.011637464165687561035,0,0
0.0002003837507022848631,1.2350796573688389568,0.043523083803369576328,0.34763679421865495422,1.3063831822228824109,0.12067843489418890457,0.38043538406396620877,0.34529300744954649627,1284,1284,-0.011466324329376220703,0,0
0.00020057261649643993388,1.2347159998339984899,0.043541164118671447925,0.34771867898437769373,1.3065540902272727575,0.12069597367612817929,0.38042736224343220997,0.34539126279605431025,1285,1285,-0.011295185424387454987,0,0
0.00020076139383597686283,1.2343669149313116762,0.043559094418194985177,0.34780046763160982204,1.3068097567962395633,0.12071438690067826105,0.38043544580683802403,0.34546589451662362835,1286,1286,-0.01112404651939868927,0,0
0.00020095008275863404418,1.2340040928297986156,0.043577147150565938294,0.34788216035280672411,1.3069798198275086598,0.12073188944043890258,0.38042729978573902594,0.34556409986577762972,1287,1287,-0.010952907614409923553,0,0
0.00020113868356707076987,1.2336559392470032304,0.043595054504706041987,0.34796375745440449867,1.3072360166625653921,0.12075028849581095902,0.3804355084603446846,0.34563835135337639404,1288,1288,-0.010781767778098583221,0,0
0.00020132719629663772278,1.2332939501282818018,0.043613079587162602302,0.34804525912639644458,1.3074052233715700577,0.12076775460999109035,0.38042723641346659624,0.34573650951074275106,1289,1289,-0.010610628873109817505,0,0
0.0002015156212500410595,1.2329467187005274109,0.04363096440844989321,0.3481266656736562437,1.3076619651191019322,0.1207861400256923512,0.38043557204224504043,0.34581038037182987299,1290,1290,-0.010439489968121051788,0,0
0.00020170395846027990971,1.2325855605850122299,0.043648961749789029485,0.34820797728374880409,1.307830303654330617,0.12080356950510481862,0.38042717210854959387,0.34590849408422524869,1291,1291,-0.010268350131809711456,0,0
0.0002018922082300915737,1.2322392417571303991,0.043666824473508010496,0.34828919425999449455,1.3080876054614509751,0.12082194183498089213,0.38043563657112361431,0.34598198396733914617,1292,1292,-0.01009721122682094574,0,0
0.00020208037059016396029,1.2318789131798766334,0.043684793955955279754,0.34837031678756524844,1.3082550634295047054,0.12083933444226631349,0.38042710685206587717,0.34608005591498391951,1293,1293,-0.0099260723218321800232,0,0
0.00020226844584324556414,1.2315334969591325009,0.04370263504265074761,0.34845134516823517146,1.3085129409858260452,0.12085769426704393026,0.38043570206646415421,0.34615316451926297914,1294,1294,-0.0097549334168434143066,0,0
0.00020245643401775785075,1.2311739970181347914,0.04372057651926149896,0.34853227958482019266,1.3086795054079380929,0.12087504973403535857,0.38042704062416948796,0.34625119730706338528,1295,1295,-0.0095837935805320739746,0,0
0.00020264433541643522016,1.2308294729222879482,0.043738396457497955017,0.34861312033755254003,1.3089379749914211715,0.12089339766412009192,0.38043576854873145665,0.34632392439165049502,1296,1296,-0.0094126546755433082581,0,0
0.00020283215006548264915,1.2304708013318728099,0.043756309749284134913,0.34869386760693132921,1.3091036322555515969,0.1209107156889303869,0.38042697340400771777,0.34642192053951947894,1297,1297,-0.0092415157705545425415,0,0
0.00020301987826758946206,1.2301271583315638303,0.043774109058709306797,0.34877452169164885332,1.3093627107832168655,0.12092905236750979558,0.38043583603945763105,0.34649426593404397678,1298,1298,-0.0090703759342432022095,0,0
0.000203207520046800146,1.2297693154816915495,0.043791993951449684208,0.34885508276992827081,1.3095274465910529127,0.12094633261130041668,0.38042690516962474057,0.3465922278661099365,1299,1299,-0.0088992370292544364929,0,0
0.00020339507570572127357,1.2294265419370784542,0.043809773186169027881,0.34893555113892116282,1.3097871516747285892,0.12096465871776161671,0.38043590456133419275,0.34666419148224925095,1300,1300,-0.0087280981242656707764,0,0
0.00020358254526629921094,1.2290695289587270089,0.043827629426891466513,0.34901592697461836234,1.3099509509834399434,0.12098190080118129131,0.38042683589786935316,0.34676212151490715119,1301,1301,-0.0085569592192769050598,0,0
0.00020376992903101338091,1.2287276125493646894,0.043845389179206627206,0.34909621057262657517,1.3102113009913489705,0.12100021705489517887,0.38043597413832813681,0.34683370335922936167,1302,1302,-0.0083858193829655647278,0,0
0.00020395722701978136345,1.2283714313870484069,0.043863216472285956882,0.34917640210675071621,1.3103741479491288757,0.12101742055413000632,0.38042676556427951207,0.34693160368785169734,1303,1303,-0.0082146804779767990112,0,0
0.00020414443953490309168,1.2280303590344752163,0.043880957376826609795,0.34925650187104489985,1.3106351620737928254,0.1210357277186312891,0.38043604479579029576,0.34700280387603776866,1304,1304,-0.0080435415729880332947,0,0
0.0002043315665943448798,1.2276750125264435098,0.043898755379668995269,0.34933651003717752781,1.3107970399487947066,0.12105289216103969074,0.38042669414296348407,0.34710067656022475235,1305,1305,-0.0078724017366766929626,0,0
0.0002045186085001661849,1.2273347703086254779,0.04391647811796441786,0.34941642689763885432,1.3110587382820035884,0.12107119104865049497,0.38043611656059056481,0.34717149533283242491,1306,1306,-0.0077012628316879272461,0,0
0.00020470556526846805977,1.2269802622756684762,0.043934246436226995214,0.34949625262201355902,1.311219629383802765,0.12108831590792881738,0.38042662160646417702,0.34726934228003508709,1307,1307,-0.0075301239266991615295,0,0
0.00020489243720099936468,1.2266408353324487202,0.043951951741764049009,0.34957598750121254838,1.3114820329994110182,0.12110660738487244448,0.38043618946126284142,0.34733978001996262952,1308,1308,-0.0073589845560491085052,0,0
0.00020507922431209154473,1.22628717067619597,0.043969689924061937381,0.34965563170279334582,1.3116419185922332247,0.12112369207570475305,0.38042654792561203525,0.34743760296730952231,1309,1309,-0.007187845185399055481,0,0
0.00020526592690310192769,1.2259485431047336679,0.043987378587883867176,0.34973518551606752602,1.3119050496376103432,0.12114197706776382024,0.38043626352815979041,0.3475076602191616848,1310,1310,-0.0070167062804102897644,0,0
0.0002054525449866992533,1.2255957279164102491,0.044005086119931778599,0.3498146491066262409,1.3120639098445057158,0.12115902093990167654,0.38042647306936178131,0.34760546071329934126,1311,1311,-0.0068455669097602367401,0,0
0.00020563907886375661755,1.2252578826556530522,0.044022758996831133638,0.34989402276215686438,1.3123277916415276856,0.12117730043867495915,0.38043633879362881434,0.34767513820483186837,1312,1312,-0.0066744280047714710236,0,0
0.00020582552854539861234,1.2249059243364976979,0.044040435294954292933,0.34997330664634956898,1.3124856053384321708,0.12119430277038252541,0.38042639700461250429,0.34777291757955414164,1313,1313,-0.0065032886341214179993,0,0
0.00020601189433190890713,1.2245688430393804058,0.044058093310330330439,0.35005250104523705224,1.3127502624951332688,0.1212125778402109999,0.3804364152922060649,0.34784221624544425788,1314,1314,-0.0063321497291326522827,0,0
0.0002061981762329998392,1.224217750433987506,0.044075737714275455004,0.35013160612067945054,1.3129070071937094522,0.12122953783100484659,0.38042631969600820829,0.34793997559686884458,1315,1315,-0.0061610103584825992584,0,0
0.00020638437454824592847,1.2238814133260396133,0.044093381871728530574,0.35021062215701803666,1.3131724657277379364,0.12124780961664016754,0.38043649306083132666,0.34800889660506961754,1316,1316,-0.0059898709878325462341,0,0
0.00020657048928609386879,1.2235311968699047469,0.044110993636704516618,0.35028954931435962727,1.3133281174458681928,0.12126472637925285458,0.38042624110571754414,0.34810663676411812695,1317,1317,-0.0058187320828437805176,0,0
0.00020675652074527377635,1.2231955825929181625,0.044128625026441346824,0.35036838787531099371,1.3135944049209500317,0.12128299611434290028,0.38043657213908393944,0.34817518154504628614,1318,1318,-0.0056475927121937274933,0,0
0.00020694246893312971138,1.2228462544759182151,0.044146203314295903719,0.35044713799830873313,1.3137489380393831961,0.12129986866581637939,0.38042616119318739543,0.34827290304689956235,1319,1319,-0.0054764538072049617767,0,0
0.00020712833414739456801,1.2225113399148805904,0.044163823122443067459,0.35052579996417448926,1.3140160837163277208,0.1213181376823048857,0.38043665256944064756,0.34834107332580449556,1320,1320,-0.0053053144365549087524,0,0
0.00020731411639449067201,1.2221629142621914799,0.044181366991892741247,0.35060437392976501192,1.314169470820196528,0.1213349649341314701,0.38042607991488114338,0.34843877637603759556,1321,1321,-0.0051341750659048557281,0,0
0.00020749981597098182229,1.2218286743537771777,0.044198976510812525154,0.35068286017405830846,1.3144375058239543552,0.1213532346726672595,0.38043673439757053067,0.34850657420887548588,1322,1322,-0.0049630361609160900116,0,0
0.00020768543288256962123,1.2214811674263275076,0.044216484906611071282,0.35076125885242953606,1.3145897175272767132,0.12137001541986124076,0.38042599722398107165,0.34860425864588273637,1323,1323,-0.0047918967902660369873,0,0
0.0002078709674244554322,1.2211475749470135366,0.044234085546325470351,0.3508395702419456752,1.3148586750317279304,0.12138828744132286463,0.38043681767264825311,0.34867168645906820856,1324,1324,-0.0046207578852772712708,0,0
0.00020805641960184342561,1.2208010053634181791,0.044251557287263862395,0.35091779449660742696,1.3150096797832144802,0.12140502035031558448,0.38042591307005624301,0.34876935171240142086,1325,1325,-0.0044496185146272182465,0,0
0.00020824178970835560752,1.2204680306947377488,0.044269150588122849199,0.3509959318914935289,1.3152795952158888859,0.12142329634858933796,0.38043690244771294351,0.34883641234690454525,1326,1326,-0.0042784796096384525299,0,0
0.00020842707774894634817,1.2201224196771951469,0.044286584353724463281,0.35107398257934707697,1.3154293590838657124,0.12143997994380978378,0.38042582739870128838,0.34893405739105148866,1327,1327,-0.0041073402389883995056,0,0
0.00020861228401541554345,1.2197900305459696835,0.044304172000437951062,0.35115194683317058066,1.3157002703524827147,0.12145826175994103857,0.38043698878005638431,0.34900075415125769718,1328,1328,-0.0039362008683383464813,0,0
0.0002087974085127427984,1.2194454021926530718,0.044321566316210932179,0.35122982480457765053,1.3158487567867409584,0.12147489440894490564,0.38042574015113622687,0.34909837745437782841,1329,1329,-0.0037650619633495807648,0,0
0.00020898245153063373688,1.2191135633832681506,0.044339150153404692511,0.35130761676439442587,1.3161207045301319685,0.12149318404682364625,0.38043707673165894079,0.34916471416226940727,1330,1330,-0.0035939225926995277405,0,0
0.0002091674130743985914,1.2187699449700573062,0.044356503374493698455,0.3513853228632447534,1.3162678740981852421,0.1215097639438100785,0.38042565126376665097,0.34926231362933801705,1331,1331,-0.0034227834548801183701,0,0
0.00020935229343134497456,1.2184386180058131011,0.044374085423952588925,0.35146294336966571459,1.3165409019641793886,0.12152806358755444127,0.38043716636966468103,0.34932829468457016198,1332,1332,-0.0032516443170607089996,0,0
0.00020953709260745228844,1.2180960403206535503,0.044391395717010326272,0.35154047843344460311,1.3166867120590572959,0.12154458873509116357,0.3804255606676903434,0.34942586759430882548,1333,1333,-0.0030805051792412996292,0,0
0.00020972181088729072488,1.2177651831106863778,0.04440897819680186126,0.35161792832070154491,1.3169608670124581806,0.12156290076832482194,0.38043725776691794671,0.34949149804084028714,1334,1334,-0.0029093660414218902588,0,0
0.00020990644827788464003,1.2174236808242731023,0.044426243519876520982,0.35169529318055570144,1.3171052715287665524,0.12157936895707552316,0.38042546828815221316,0.3495890409757277939,1335,1335,-0.0027382269036024808884,0,0
0.00021009100506068849974,1.2170932472723252626,0.044443828865559760477,0.35177257327656663577,1.3173806041926643395,0.12159769598430419935,0.38043735100255032799,0.34965432657572320663,1336,1336,-0.0025670875329524278641,0,0
0.00021027548124418813757,1.2167528593488130539,0.044461046945794190088,0.35184976875736978519,1.3175235531676943168,0.12161410477055352441,0.38042537404395171396,0.34975183534437093158,1337,1337,-0.0023959483951330184937,0,0
0.0002104598771063002948,1.2164227989198646007,0.044478637833933694357,0.35192687988380272346,1.3178001182016081394,0.12163244964086132593,0.38043744616262920033,0.34981678266013921386,1338,1338,-0.0022248092573136091232,0,0
0.00021064419265743483016,1.2160835690720614988,0.044495806142830392205,0.35200390680422011247,1.3179415574175454839,0.12164879632158952238,0.38042527784677737657,0.34991425221118399591,1339,1339,-0.0020536701194941997528,0,0
0.00021082842817150059607,1.2157538263118334854,0.044513405517089973951,0.35208084977655662584,1.3182194139367944263,0.12166716215493227071,0.38043754334088519808,0.34997886869610395078,1340,1340,-0.0018825309816747903824,0,0
0.00021101258366134389749,1.2154158035061111143,0.044530521243053851344,0.35215770894910891631,1.3183592844794211896,0.12168344374014923581,0.38042517960046451364,0.3500762930226203884,1341,1341,-0.001711391727440059185,0,0
0.00021119665939634267885,1.2150863175084920531,0.044548132343144593304,0.35223448457670625267,1.3186384965201130015,0.12170183395652180158,0.38043764263950941018,0.35014058712199963574,1342,1342,-0.0015402525896206498146,0,0
0.00021138065539234824697,1.2147495565243817683,0.044565192361028412027,0.35231117680783258228,1.3187767342896661305,0.12171804713858498659,0.38042507920019419387,0.35023795915546962476,1343,1343,-0.0013691134518012404442,0,0
0.00021156457191362506936,1.2144202603409217645,0.044582818754832595487,0.3523877858939851726,1.3190573713244000409,0.12173646549038376341,0.38043774417004599941,0.35030194041846074438,1344,1344,-0.0011979741975665092468,0,0
0.00021174840897966005376,1.2140848223918234705,0.044599819592130503232,0.35246431198410538288,1.3191939064928841496,0.12175260660994273454,0.38042497653159151882,0.35039925191108134417,1345,1345,-0.0010268350597470998764,0,0
0.00021193216684895648839,1.2137556423770430314,0.04461746521134878074,0.35254075532610562593,1.3194760440027299975,0.12177105721787487291,0.38043784805437469432,0.35046293111485021798,1346,1346,-0.00085569586372002959251,0,0
0.00021211584554533589419,1.213421595798617636,0.044634403010673638634,0.3526171160696818796,1.3196108004118869417,0.12178712222607485094,0.38042487146972475687,0.35056017250891852166,1347,1347,-0.00068455672590062022209,0,0
0.00021229944532082003616,1.2130924508836624653,0.044652072190407281205,0.35269339445887959439,1.3198945205212064824,0.12180560961902731076,0.38043795442580502497,0.35062356179649195598,1348,1348,-0.0005134175298735499382,0,0
0.00021248296620434049689,1.2127598718975223235,0.044668942667831383619,0.35276959064447732661,1.3200274150144648555,0.12182159403555069266,0.3804247638780087204,0.35072072207940457877,1349,1349,-0.00034227836295031011105,0,0
0.00021266640844063688909,1.2124306727847384835,0.044686640190513042536,0.35284570486633887176,1.3203128071951641953,0.12184012319483698839,0.38043806343029107353,0.35078383511262456462,1350,1350,-0.00017113918147515505552,0,0
0.00021284977206461024989,1.2120996463455551151,0.044703438589320541874,0.35292173727668679772,1.3204437488763463016,0.12185602206132609138,0.38042465360698507482,0.35088090165593754932,1351,1351,0,0,0
0.00021303305731282839758,1.2117702946147812515,0.044721169733500883148,0.35299768811085285858,1.3207309107296170136,0.12187459846981796296,0.38043817522777201301,0.35094375378528513965,1352,1352,0.00017113918147515505552,0,0
0.00021321626422711529832,1.2114409153504330785,0.044737890772821461982,0.35307355752290248141,1.3208598001399682875,0.12189040629814898442,0.38042454049296969831,0.35104071216599569416,1353,1353,0.00034227836295031011105,0,0
0.00021339939303487834624,1.2111113024672381933,0.044755661367355710489,0.35314934574324535754,1.3211488382642595507,0.12190903599484362307,0.38043828999367973465,0.3511033206191451761,1354,1354,0.0005134175298735499382,0,0
0.00021358244378592137103,1.2107836757220304946,0.044772299185119067422,0.35322505292822986567,1.3212755664688495827,0.12192474670968347916,0.38042442435656398381,0.35120015442126489846,1355,1355,0.00068455672590062022209,0,0
0.00021376541669739337111,1.2104536819372602174,0.044790115669343745497,0.35330067930290964817,1.3215665974234025448,0.12194343635029834816,0.38043840792059413491,0.35126253851242295045,1356,1356,0.00085569586372002959251,0,0
0.00021394831182825003514,1.2101279249299041751,0.044806663758908606143,0.35337622502640181343,1.3216910449966203789,0.12195904322529749209,0.38042430500099561064,0.3513592291066077733,1357,1357,0.0010268350597470998764,0,0
0.0002141311293841628347,1.2097974180579527115,0.044824533249505367494,0.35345169031792172953,1.3219841963716862931,0.12197780014959225259,0.38043852922008297712,0.3514214104690411844,1358,1358,0.0011979741975665092468,0,0
0.00021431386943453884213,1.2094736611670535709,0.044840984389253955855,0.35352707533989180533,1.3221062322705501302,0.12199329573650055658,0.38042418221028767578,0.35151793676782616682,1359,1359,0.0013691134518012404442,0,0
0.0002144965321722178879,1.2091424952296461193,0.044858914754539278014,0.35360238030515267482,1.322401643876133237,0.12201212804307408344,0.38043865412477040344,0.35157993961210370903,1360,1360,0.0015402525896206498146,0,0
0.00021467911767849990191,1.2088208834209364095,0.044875260929643820407,0.35367760538002501747,1.3225211241887249169,0.12202750409297855039,0.38042405574723553441,0.35167627779802329568,1361,1361,0.001711391727440059185,0,0
0.0002148616261318893664,1.2084888971411915648,0.044893260872128096239,0.35375275077037876548,1.3228189493751796313,0.12204642072238361394,0.38043878289060678588,0.35173812919890834472,1362,1362,0.0018825309816747903824,0,0
0.00021504405762717767074,1.2081695915524373053,0.04490949318760440595,0.35382781664708817804,1.3229357159301675662,0.12206166809818105867,0.38042392535115621133,0.35183425242243460129,1363,1363,0.0020536701194941997528,0,0
0.00021522641232686460285,1.2078366066824153258,0.044927572335758746147,0.35390280320839045958,1.3232361230556983767,0.1220806789253056357,0.3804389157994175763,0.35189598263763288699,1364,1364,0.0022248092573136091232,0,0
0.00021540869034100579055,1.2075197863836812928,0.044943680919820573616,0.35397771063043798057,1.3233500018772150764,0.12209578750441628381,0.38042379073540888434,0.35199186068154475482,1365,1365,0.0023959483951330184937,0,0
0.00021559089181424315488,1.2071856058466488015,0.044961849930095283689,0.35405253910309997245,1.3236531759388294738,0.12211490344117779949,0.38043905316172527131,0.35205350350592096165,1366,1366,0.0025670875329524278641,0,0
0.00021577301687386287116,1.2068714697956697268,0.04497782382670910406,0.35412728880860788738,1.3237639755291998878,0.12212986200739439635,0.38042365158464153119,0.35214910241231117682,1367,1367,0.0027382269036024808884,0,0
0.00021595506564459139467,1.2065358756222446246,0.04499609449696757163,0.35420195992764680337,1.3240701199757185513,0.12214909511691998678,0.38043919531990333383,0.35221069557155887386,1368,1368,0.0029093660414218902588,0,0
0.00021613703827312680879,1.206224644836771942,0.045011921546386682302,0.35427655264941332325,1.3241776294065923381,0.12216389124016353851,0.38042350755175413646,0.3523059772272809087,1369,1369,0.0030805051792412996292,0,0
0.00021631893486199579748,1.205887395871762191,0.045030306942047806928,0.35435106714450204102,1.3244869681542361661,0.12218325486375421207,0.38043934265167372866,0.35236756281550907222,1370,1370,0.0032516443170607089996,0,0
0.00021650075557972783065,1.2055793158434970902,0.045045973647952188001,0.35442550361005509263,1.3245909549442711484,0.12219787476635553258,0.3804233582545218928,0.35246248449133765757,1371,1371,0.0034227834548801183701,0,0
0.00021668250050411427864,1.2052401451972107882,0.045064488242307673693,0.35449986220557089256,1.3249037346182790387,0.1222173836647129086,0.38043949557402884087,0.35252410945758633209,1372,1372,0.0035939225926995277405,0,0
0.00021686416982820040113,1.2049354885744898436,0.045079979624030055985,0.35457414313722190879,1.3250039423731727606,0.12223181207269050164,0.38042320327187856277,0.35261862329587551068,1373,1373,0.0037650619633495807648,0,0
0.00021704576360222679865,1.2045941007898104402,0.045098639454340304356,0.35464834655229360294,1.3253204348008780222,0.12225148258301504756,0.38043965454758260636,0.35268033998509384919,1374,1374,0.0039362008683383464813,0,0
0.00021722728204673306799,1.2042931703598360738,0.045113938882458945456,0.35472247266719009184,1.3254165805884432494,0.12226570256062310738,0.38042304213979377669,0.35277439243000835445,1375,1375,0.0041073402389883995056,0,0
0.00021740872518128336629,1.203949238262540522,0.045132761723647170371,0.3547965216157446533,1.3257370855728605186,0.12228555277141556212,0.38043982008143994999,0.35283625918471756,1376,1376,0.0042784796096384525299,0,0
0.00021759009325721654672,1.2036523702664168045,0.045147850737079560368,0.35487049362592265611,1.3258288570033940346,0.12229954553708229092,0.38042287434672306112,0.35292979034865590293,1377,1377,0.0044496185146272182465,0,0
0.00021777138625994976479,1.2033055314630607402,0.045166856295024100654,0.35494438881672979447,1.3261537054091327992,0.12231959548266076176,0.38043999273863088328,0.35299187217816030415,1378,1378,0.0046207578852772712708,0,0
0.00021795260447528933836,1.2030130992822922753,0.045181714397458792865,0.35501820742916551099,1.3262407573866845656,0.12233334020414318721,0.38042269932855982129,0.35308481513693784626,1379,1379,0.0047918967902660369873,0,0
0.00021813374785065170599,1.2026629522649421311,0.045200924524163486884,0.35509194956588163716,1.3265703145745204594,0.1223536120811678507,0.38044017314217909442,0.35314718446189080625,1380,1380,0.0049630361609160900116,0,0
0.00021831481671038158545,1.2023753705210420417,0.045215528957494741102,0.35516561548254260705,1.3266522656819772497,0.1223670856475767843,0.38042251646308777868,0.35323946447066406629,1381,1381,0.0051341750659048557281,0,0
0.00021849581095961546082,1.2020214703341980389,0.04523496789064217205,0.35523920526375263318,1.3269869353319097005,0.12238760405609980242,0.3804403619818964577,0.35330220195157702179,1382,1382,0.0053053144365549087524,0,0
0.00021867673096575502493,1.2017391994490040918,0.045249293382736130442,0.35531271918164825108,1.3270633638073221494,0.12240078082410581206,0.38042232506382511747,0.35339373557237280243,1383,1383,0.0054764538072049617767,0,0
0.000218857576586904424,1.2013810528684949475,0.045268988012443354962,0.35538615730090589162,1.3274035921750639844,0.12242157303598417972,0.38044056002197373934,0.35345693103170150451,1384,1384,0.0056475927121937274933,0,0
0.00021903834823853944439,1.2011046041374719984,0.045283006496301382582,0.35545951991213714516,1.3274740314326425317,0.12243442454725710078,0.38042212437325323426,0.35354762516247900672,1385,1385,0.0058187320828437805176,0,0
0.00021921904572645318512,1.200741664305263745,0.045302986662226804593,0.3555328070580037747,1.3278203120896434619,0.12245552080509358728,0.38044076810949895018,0.35361137861106067826,1386,1386,0.0059898709878325462341,0,0
0.00021939966951976561473,1.2004716055428201749,0.045316666963227565657,0.35560601904981209431,1.3278842457325867876,0.12246801547163609081,0.38042191355533100383,0.35370112940496195586,1387,1387,0.0061610103584825992584,0,0
0.0002195802193660954197,1.2001032659948913661,0.045336965785561192388,0.35567915590589321839,1.3282371248458413326,0.12248944932180044765,0.38044098718399549375,0.35376555218487293342,1388,1388,0.0063321497291326522827,0,0
0.00021976069579439225969,1.1998402278173028179,0.045350273273094342252,0.35575221796070871649,1.3282939811124281348,0.12250155207547021308,0.38042169168725176176,0.35385424384703229039,1389,1389,0.0065032886341214179993,0,0
0.00021994109848758635934,1.1994658158347408783,0.045370927521362000578,0.3558252052056878334,1.3286540633266625822,0.12252336073915384707,0.38044121828813332042,0.35391945990427992053,1390,1390,0.0066744280047714710236,0,0
0.00022012142804132681833,1.1992104986539027234,0.045383823720731471252,0.35589811800117621132,1.328703208904065125,0.12253503264122940497,0.38042145775036761979,0.35400696335210063426,1391,1391,0.0068455669097602367401,0,0
0.00022030168406661799758,1.1988292678586847106,0.045404874224834128327,0.35597095630884678652,1.3290711638966969943,0.12255725742797908551,0.38044146257976702019,0.35407311065423885399,1392,1392,0.0070167062804102897644,0,0
0.00022048186723343921435,1.1985824496688655127,0.04541731638480284855,0.3560437205179550757,1.3291118970289355072,0.12256845523411476206,0.38042121062019512712,0.35415928202531987701,1393,1393,0.007187845185399055481,0,0
0.00022066197707282621861,1.1981935717764760074,0.04543880849323991139,0.35611641055724890803,1.3294884668165978248,0.1225911420028211879,0.3804417213454664437,0.3542265141408645901,1394,1394,0.0073589845560491085052,0,0
0.00022084201433756592194,1.1979561168257193415,0.045450749104052286242,0.35618902684825004545,1.3295200096246160282,0.1226018176782023017,0.38042094905543927252,0.35431119313092529488,1395,1395,0.0075301239266991615295,0,0
0.00022102197846978665014,1.1975586724565432384,0.045472733194859359107,0.3562615692832619696,1.329906016709353489,0.12262501735110580003,0.38044199601576728087,0.35437968098940064721,1396,1396,0.0077012628316879272461,0,0
0.00022120187031450262022,1.1973315409050471203,0.045484119450966593867,0.35633403831979715282,1.3299275066313900329,0.12263511752999507742,0.38042067168594123627,0.354462689000500486,1397,1397,0.0078724017366766929626,0,0
0.00022138168921499818353,1.196924509344308829,0.045506651501587468134,0.35640643380980630006,1.3303238630855955815,0.12265888666596332091,0.38044228818237313394,0.35453262285428882583,1398,1398,0.0080435415729880332947,0,0
0.00022156143611898305133,1.1967087680248955639,0.045517424702580307205,0.3564787562509253438,1.3303343433346581648,0.1226683520491095164,0.38042037699946856799,0.35461376093116853125,1399,1399,0.0082146804779767990112,0,0
0.00022174111025985055617,1.196291015807569913,0.045540566925650761976,0.35655100545041107374,1.3307420609359228436,0.12269275348320372865,0.38044259961759130384,0.35468535254289113023,1400,1400,0.0083858193829655647278,0,0
0.0002219207126982795594,1.196087840517236156,0.045550662309264140781,0.35662318195006303956,1.3307404767955668401,0.12270151863303183082,0.38042006332364985965,0.35476440112637785962,1401,1401,0.0085569592192769050598,0,0
0.00022210024254831899917,1.1956581291558934232,0.045574482802435055395,0.35669528550875911899,1.3311606635927060172,0.12272662119790836432,0.38044293227505920907,0.35483788188672199526,1402,1402,0.0087280981242656707764,0,0
0.00022227970098571348998,1.1954687529875160923,0.045583832146717170875,0.3567673167132062173,1.3311458954107993069,0.12273461687954106969,0.38041972844536336984,0.35491461234595728103,1403,1403,0.0088992370292544364929,0,0
0.0002224590870109712285,1.1950258394103969728,0.045608399776064754982,0.35683927527635495025,1.3315796892195528311,0.12276049073798728228,0.38044328856193210253,0.35499021110682421609,1404,1404,0.0090703759342432022095,0,0
0.000222638401918853388,1.1948515733807967276,0.045616930268413277694,0.35691116183129817374,1.3315505326787564488,0.12276764277515889168,0.3804193697378329686,0.35506438223841657598,1405,1405,0.0092415157705545425415,0,0
0.00022281764458176794375,1.1943940545753952698,0.045642322789187290966,0.35698297603933876188,1.3319992182486188881,0.12279436712348387739,0.38044367152692015743,0.35514235726052451048,1406,1406,0.0094126546755433082581,0,0
0.00022299681642918355398,1.194236382099746363,0.045649952036756411,0.35705471858613613279,1.3319543106333273652,0.12280059160464297519,0.38041898412877206415,0.35521369617572734478,1407,1407,0.0095837935805320739746,0,0
0.00022317591618842684575,1.1937626681609150303,0.045676257592818410302,0.35712638907467564309,1.3324193446615681946,0.1228282561958347896,0.38044408475820273852,0.35529434002222909372,1408,1408,0.0097549334168434143066,0,0
0.00022335494544202262037,1.1936232746499069179,0.045682891976011309743,0.35719798825040505186,1.3323571373829417031,0.12283345780167069516,0.38041856800288670337,0.35536253677520973637,1409,1409,0.0099260723218321800232,0,0
0.00022353390275229022841,1.1931315559387634107,0.045710210926930165687,0.35726951565016884516,1.3328401790373207714,0.12286216480133747841,0.38044453250691490087,0.35544618226309371289,1410,1410,0.01009721122682094574,0,0
0.00022371278987640347627,1.1930123649963797483,0.045715743585704085583,0.3573409720876956075,1.3327589039848204422,0.12286623475939618955,0.38041811707770550877,0.35551088329375313268,1411,1411,0.010268350131809711456,0,0
0.00022389160518813651726,1.1925005717865886368,0.045744190751819978347,0.35741235702445056654,1.3332618524616777211,0.12289610102620542043,0.38044501984601758471,0.35559791079236646727,1412,1412,0.010439489968121051788,0,0
0.00022407035064490074365,1.1924037898656136836,0.045748499101511304332,0.35748367135250075366,1.3331594804353175121,0.12289891458770367538,0.38041762624386349367,0.35565871085264894047,1413,1413,0.010610628873109817505,0,0
0.00022424902440391623914,1.1918695423048126791,0.045778206547809695282,0.35755491444694287306,1.3336845215978425649,0.12293007450103808631,0.38044555287693909706,0.35574955731595375719,1414,1414,0.010781767778098583221,0,0
0.00022442762865338685904,1.1917977143195499501,0.045781149185462541307,0.35762608729018402487,1.3335587104693604754,0.12293148779871175547,0.38041708935738871578,0.35580598943467378614,1415,1415,0.010952907614409923553,0,0
0.0002246061613003816587,1.1912382597603849987,0.045812269708116984401,0.3576971891577757634,1.334108375341592323,0.12296409679994370345,0.38044613900159113262,0.35590115969071750568,1416,1416,0.01112404651939868927,0,0
0.00022478462480068981798,1.1911943390644788021,0.045813682519778305136,0.35776822113690864846,1.3339564047348944076,0.12296394289446560544,0.38041649896634138761,0.35595268257106393861,1417,1417,0.011295185424387454987,0,0
0.00022496301677056885506,1.1906064727155325489,0.04584639406064654199,0.3578391823876476141,1.3345336436712529338,0.12299818197062883929,0.38044678728513148247,0.3560527635873648733,1418,1418,0.011466324329376220703,0,0
0.00022514133997707401805,1.1905939184318774515,0.045846084725735224141,0.35791007411909891989,1.3343523159918475596,0.1229962651204958568,0.38041584410343914913,0.35609874558941134737,1419,1419,0.011637464165687561035,0,0
0.00022531959169794308555,1.1899738639314816346,0.045880597180016712,0.35798089535715477139,1.3349606265451376963,0.12303234801781845476,0.38044751085698030879,0.35620442492987530736,1420,1420,0.011808603070676326752,0,0
0.00022549777506500608506,1.1899968595202052857,0.045878332622947201602,0.35805164745381279356,1.3347460185971029567,0.12302843013537924366,0.38041510113275145422,0.35624411324495658393,1421,1421,0.011979741975665092468,0,0
0.00022567588695565987482,1.1893399337282286599,0.045914907102747766487,0.35812232927656900694,1.3353898310736487254,0.12306662423179887123,0.38044833679267192617,0.35635622535169525493,1422,1422,0.0121508818119764328,0,0
0.00022585393094738139257,1.1894036995047010397,0.045910396204669814968,0.35819294235206911026,1.3351369983615317683,0.12306040729922809729,0.38041424774895499228,0.35638869119363270066,1423,1423,0.012322020716965198517,0,0
0.00022603190341443933132,1.1887040199875049673,0.045949360500496430615,0.35826348534902890952,1.3358218836938151597,0.12310104803639523863,0.38044929208821332001,0.35650828130113371151,1424,1424,0.012493159621953964233,0,0
0.00022620980849953292269,1.1888151717065886803,0.045942234576747960351,0.35833396001572936918,1.3355245543471643277,0.12309215487073718598,0.38041325355233646111,0.35653235077915068629,1425,1425,0.012664299458265304565,0,0
0.0002263876419330132961,1.1880652128156157232,0.045984007823870347298,0.35840436476681142297,1.3362576476782288548,0.12313567090308533136,0.38045041400404322474,0.35666075244648309805,1426,1426,0.012835438363254070282,0,0
0.00022656540858870250063,1.1882323030132888597,0.0459737905534341601,0.35847470163735212223,1.3359077059057604675,0.12312361450102642102,0.38041207600665416511,0.35667491206963425343,1427,1427,0.013006577268242835999,0,0
0.00022674310335481502967,1.1874222247687367116,0.046018920517179019714,0.35854496871009705616,1.3366983474246381114,0.12317056570160589413,0.38045175546007398149,0.35681386422818428539,1428,1428,0.013177716173231601715,0,0
0.00022692073207345733136,1.1876565758571995257,0.046004981674086967147,0.35861516840002766182,1.3362850380324560184,0.12315470208274040265,0.38041065370846527394,0.35681611568832827253,1429,1429,0.013348856009542942047,0,0
0.00022709828850232913634,1.1867731699305059667,0.046054203300620419337,0.35868529834481988061,1.3371457801868349424,0.12320583921132342853,0.38045339423078355923,0.35696794620851990398,1430,1430,0.013519994914531707764,0,0
0.00022727577980327008807,1.1870902109279335424,0.046035684528085693556,0.35875536147727743463,1.3366544313105743758,0.12318529178589120165,0.38040889462149940492,0.35695557371112168754,1431,1431,0.01369113381952047348,0,0
0.00022745319816687336527,1.1861151671582821354,0.046090016228648438001,0.35882535481873062411,1.3376026966018979003,0.12324165458757445346,0.38045544947922926848,0.35712350086640926028,1432,1432,0.013862273655831813812,0,0
0.00022763055261902537013,1.1865366906697172311,0.046065705737726343749,0.35889528203331960698,1.3370125615945724906,0.12321518651199198091,0.38040665425479219808,0.35709267886415646531,1433,1433,0.014033412560820579529,0,0
0.00022780783308870295855,1.1854435789911135224,0.046126617007703193951,0.35896513925367484754,1.3380735312417848526,0.12327827445543672324,0.3804581135167917072,0.35728133541345652446,1434,1434,0.014204551465809345245,0,0
0.00022798505135702501695,1.1860018029012260321,0.046094724130295035291,0.3590349312247096969,1.3373539021028086893,0.12324405902531235246,0.38040369208378227439,0.35722642375360458278,1435,1435,0.014375690370798110962,0,0
0.00022816219391436832922,1.1847504244421342978,0.046164449258514449193,0.35910465272897457156,1.3385659274970886923,0.12331615077772746514,0.38046171813333878875,0.35744283635558055101,1436,1436,0.014546830207109451294,0,0
0.00022833927686561792617,1.1854959288724988831,0.046122164004866746112,0.35917431020693463273,1.3376685345405534555,0.12327132296803659794,0.38039957582569688954,0.35735500511370266175,1437,1437,0.01471796911209821701,0,0
0.00022851628109277314109,1.1840206847217520369,0.046204347992922507882,0.35924389624083341577,1.3390942904689759896,0.12335613404310656616,0.38046688923795557447,0.35761060772584463141,1438,1438,0.014889108017086982727,0,0
0.00022869323007092574461,1.1850397442731159803,0.046146879515465095978,0.35931342016024458985,1.3379366928471330134,0.12329581171298406583,0.38039344242236350357,0.35747483926204037807,1439,1439,0.015060247853398323059,0,0
0.00022887009457162209498,1.1832222907292573311,0.046248096705164852549,0.35938287058366358284,1.3396894284067204506,0.12340004036022177158,0.38047496678701531181,0.35779019846319110032,1440,1440,0.015231386758387088776,0,0
0.00022904691226965879711,1.1846812875147620936,0.046166210376498102719,0.359452262404400813,1.3381124219385924778,0.12331481777339864392,0.38038328066239973646,0.35757761951123845368,1441,1441,0.015402525663375854492,0,0
0.00022922363263041292377,1.1822719861300050592,0.04630032786468121081,0.35952157589366778856,1.340431479175406837,0.12345258595257634082,0.38048943992573447392,0.35799598244801045244,1442,1442,0.015573664568364620209,0,0
0.00022940032687317503108,1.1845645535482403066,0.046172190855690235789,0.35959083908134353846,1.3380578946155263775,0.12332023754288186368,0.38036303890070177758,0.35763851452174205692,1443,1443,0.015744803473353385925,0,0
0.00022957688455657132651,1.180860484008084299,0.0463782684964608935,0.35966000878421217068,1.341618990550287327,0.12353130732830668037,0.38052332173894953815,0.35828121501271104066,1444,1444,0.015915943309664726257,0,0
0.00022975350013817080795,1.1854366804086375886,0.046123579130877265242,0.35972916126506709888,1.3370579620360021345,0.12327013820443902259,0.38030112199602572609,0.35752916202739160045,1445,1445,0.016087083145976066589,0,0
0.00022992942986946763185,1.1729752343971933115,0.046818929555295880907,0.35979800558071101113,1.3491147286715676756,0.12397936402009401835,0.3808312615458802064,0.35967586874380313988,1446,1446,0.01625822111964225769,0,0
0.00023010138738237761145,1.1383539252825716215,0.048813890932257471278,0.35986525733080332312,1.3834872376749351996,0.12599998451806032618,0.38214991257077168818,0.36568485491311042423,1447,1447,0.016429360955953598022,0,0
0.00023026615253643559775,1.086194512526091005,0.052005247704986719282,0.3599296608318350299,1.4372442771114926074,0.12919887178135613937,0.38359867599192526422,0.37502073976335731365,1448,1448,0.016600500792264938354,0,0
0.00023042170709705760471,1.0238066826960554589,0.056148653767949453786,0.35999043237998346045,1.5051213988993512594,0.13332157156604851345,0.38444593856784031738,0.38663976891266438329,1449,1449,0.016771638765931129456,0,0
0.00023056757138508788847,0.9599152812175681948,0.060806752799392273234,0.360047390216388985,1.579466609790350029,0.13794868525894832256,0.38424468424784530285,0.39900658900323798806,1450,1450,0.016942778602242469788,0,0
0.00023070470098568332355,0.90317318887003406047,0.065339671778937610802,0.36010091264651516996,1.6504403116298520526,0.14246715724955852367,0.38307883530429470698,0.41031352323956998829,1451,1451,0.01711391843855381012,0,0
0.00023083508221670041567,0.86079075000291693787,0.068994026802400562626,0.36015177902810541211,1.7074074747643976924,0.14613060190720086884,0.38158382139027974267,0.41880612021574076254,1452,1452,0.017285056412220001221,0,0
0.00023096120875186346502,0.83696606627693026503,0.071153546497986858155,0.36020096500014237018,1.7419609422218469419,0.14830287926572283119,0.38057266047324683766,0.42334734767275039591,1453,1453,0.017456196248531341553,0,0
0.00023108549999895430923,0.82979775054961812941,0.071814856750638950134,0.36024941555535427984,1.7547214528368089148,0.14896526705783058597,0.38044696128321753292,0.42417475505123636292,1454,1454,0.017627334222197532654,0,0
0.00023120926604041285935,0.82533495965570735642,0.07222881782460814637,0.36029764196063829296,1.7640173196943889078,0.14937878129654957871,0.38049291443196248119,0.42437165343580651733,1455,1455,0.017798474058508872986,0,0
0.00023133263649518872218,0.82004436743592690195,0.072723513793026647867,0.36034569495740248479,1.7744821672987252104,0.1498736593077509005,0.38046883771438000377,0.42475834525973932276,1456,1456,0.017969613894820213318,0,0
0.00023145558866837290311,0.81534247415799632197,0.073165883614889834496,0.36039356591411630948,1.7842450964808784786,0.15031590262773036892,0.38047761716634098672,0.42500380172137203205,1457,1457,0.018140751868486404419,0,0
0.00023157815485341069089,0.81057194148475908424,0.073617743311742728229,0.36044126760905642604,1.7941729120417519994,0.15076778979074234588,0.38047087433231330245,0.42526232552179449309,1458,1458,0.018311891704797744751,0,0
0.00023170034078081957292,0.80602703344917714379,0.07405086266252096372,0.36048880246765346858,1.803871099483621343,0.15120085636705365983,0.38047217623519780094,0.42546449740125885652,1459,1459,0.018483031541109085083,0,0
0.00023182216202329003875,0.80154950403742164511,0.074480188466534660852,0.3605361767376099591,1.8135479275253243436,0.15163017347802273949,0.38046944610206034909,0.4256478405759319128,1460,1460,0.018654169514775276184,0,0
0.00023194362751027418259,0.79720879918734854908,0.074898824181286072221,0.36058339407430062273,1.8231075331114920957,0.15204877631089749879,0.38046906211579861745,0.4257958449948819335,1461,1461,0.018825309351086616516,0,0
0.00023206474769279201802,0.79295750810976273204,0.075311193014250751854,0.36063045871796484132,1.8326111182186648474,0.15246112672830802737,0.38046750576652532683,0.4259198837171661034,1462,1462,0.018996449187397956848,0,0
0.00023218553061898881159,0.78881208715606743187,0.075715518877945725551,0.36067737396854920862,1.8420340415179954352,0.15286542605558084418,0.38046674939860442022,0.4260160447490871638,1463,1463,0.019167587161064147949,0,0
0.00023230598412424081846,0.78475457799722247998,0.076113413112138553207,0.36072414303778166378,1.8513983735313634948,0.15326329910898103814,0.3804656326997677418,0.42608870737179299626,1464,1464,0.019338726997375488281,0,0
0.00023242611478428086254,0.78078745756300038661,0.076504486204065344501,0.36077076864314072679,1.8606986099652842448,0.15365434808337838368,0.38046483461640739909,0.4261373242024314445,1465,1465,0.019509866833686828613,0,0
0.00023254592860725095292,0.77690199828852624098,0.076889472588759735783,0.36081725327729152752,1.8699446426822832201,0.1540393125728600765,0.38046393071894496485,0.42616407530067024201,1466,1466,0.019681004807353019714,0,0
0.00023266543074058689835,0.77309681911558736367,0.077268384735761988513,0.36086359909489229558,1.8791364495794782297,0.15441820172539477696,0.38046317589237110823,0.42616935953115747671,1467,1467,0.019852144643664360046,0,0
0.00023278462572982164844,0.76936662513423881293,0.077641638072069460441,0.36090980801358152341,1.8882794841856698209,0.15479143310292137192,0.38046240029957845152,0.42615454023886689683,1468,1468,0.020023284479975700378,0,0
0.00023290351744323801314,0.76570907066012461328,0.078009359410966747084,0.36095588168526021589,1.8973752434639954423,0.15515913208533449463,0.38046170650617061604,0.4261202634188522298,1469,1469,0.020194422453641891479,0,0
0.0002330221091878030787,0.76212039545418108766,0.078371827456023113179,0.36100182154152027358,1.9064272648058617765,0.15552157831955820688,0.38046102084658123266,0.42606752962147831365,1470,1470,0.020365562289953231812,0,0
0.00023314040370041463034,0.75859816199894514188,0.078729193441929870567,0.36104762879069079995,1.9154373356995697542,0.15587892238022640901,0.38046038685629712806,0.42599701768550757297,1471,1471,0.020536700263619422913,0,0
0.00023325840321014229876,0.75513943460317745071,0.07908166662353756371,0.36109330444236364954,1.9244080074647282874,0.15623137396281031042,0.38045977009471299013,0.42590953503704404026,1472,1472,0.020707840099930763245,0,0
0.00023337610944967603034,0.75174194245984105045,0.079429393985771701292,0.36113884931220974206,1.933340971588113355,0.15657907973026308213,0.38045918972846259898,0.42580572797884241876,1473,1473,0.020878979936242103577,0,0
0.0002334935236944401984,0.74840326831520354034,0.079772543504793083646,0.36118426403748044029,1.9422381833387423189,0.15692220787444988161,0.38045862845251882112,0.42568628352937754045,1474,1474,0.021050117909908294678,0,0
0.0002336106467792030926,0.745121369567453673,0.080111249460858430238,0.36122954908377147287,1.9511011274623482059,0.15726089251019539916,0.38045809483865616896,0.425551798509450796,1475,1475,0.02122125774621963501,0,0
0.00023372747912573987655,0.74189419458831218357,0.080445652016650118221,0.3612747047560398439,1.959931350277271056,0.15759527391004138352,0.3804575795550169115,0.42540287547193328388,1476,1476,0.021392397582530975342,0,0
0.00023384402075966344422,0.73871992662057739398,0.080775871186045983263,0.36131973120540994415,1.968730112035477875,0.15792547199873283037,0.38045708637511166383,0.42524006086101312496,1477,1477,0.021563535556197166443,0,0
0.00023396027133162564104,0.73559679202114192087,0.081102026659837081479,0.36136462843764904918,1.9774986525896414147,0.1582516065248894821,0.38045660990430857362,0.42506389314010450953,1478,1478,0.021734675392508506775,0,0
0.00023407623013285924784,0.73252317841806791066,0.081424224931918712245,0.36140939631943769239,1.9862380204633620639,0.1585737839322377829,0.38045615167886631669,0.42487487251637823249,1479,1479,0.021905815228819847107,0,0
0.00023419189611231374195,0.7294975337064564247,0.081742569727543526459,0.36145403458523850393,1.9949492122184655507,0.15889210797730812796,0.38045570836313735708,0.42467348635041940463,1480,1480,0.022076953202486038208,0,0
0.00023430726789059130671,0.72651842471055372297,0.082057155438385931401,0.36149854284291410567,2.0036330858539721511,0.15920667302237975771,0.38045528043452553346,0.42446019393176870338,1481,1481,0.02224809303879737854,0,0
0.00023442234377431061284,0.72358448120957497007,0.082368072868044941992,0.36154292057949483086,2.0122904374430761187,0.15951756988834731033,0.38045486569633174545,0.42423544056782408473,1482,1482,0.022419232875108718872,0,0
0.00023453712176852451127,0.7206944254285611029,0.082675405807758797772,0.36158716716618266585,2.0209219563072995385,0.1598248823485874659,0.38045446412735844932,0.42399964980029464234,1483,1483,0.022590370848774909973,0,0
0.00023465159958908871985,0.71784703943730732156,0.082979234346561375757,0.36163128186332277325,2.0295282691238694106,0.16012869050187550357,0.38045407419672155891,0.42375323159805472484,1484,1484,0.022761510685086250305,0,0
0.00023476577467376990834,0.71504117991508353569,0.083279633061425342722,0.36167526382487713565,2.0381099164649678634,0.16042906891397884506,0.38045369565753950347,0.42349657836437415437,1485,1485,0.022932648658752441406,0,0
0.00023487964419312889271,0.71227575821303856785,0.083576673009134447301,0.36171911210280022209,2.0466673793413456828,0.16072608864726239952,0.38045332738975140563,0.42323006992770717538,1486,1486,0.023103788495063781738,0,0
0.00023499320506054478894,0.70954974751701460622,0.083870420768866832395,0.36176282565107248379,2.0552010669625020434,0.16101981627368827654,0.38045296905566816648,0.42295407152647479521,1487,1487,0.02327492833137512207,0,0
0.00023510645394197047446,0.70686217006069440583,0.084160939692832684167,0.36180640332962055172,2.0637113334272827458,0.161310315148729011,0.38045261980219158282,0.42266893698938556856,1488,1488,0.023446066305041313171,0,0
0.00023521938726508130287,0.7042121003066296181,0.084448289408711546544,0.36184984390799340703,2.0721984715036225744,0.16159764489532951748,0.38045227926757280157,0.42237500776920677836,1489,1489,0.023617206141352653503,0,0
0.00023533200122816640208,0.70159865636315077442,0.084732526638046881673,0.36189314606893069337,2.080662723586069518,0.16188186223699990718,0.38045194678079774508,0.42207261505853715944,1490,1490,0.023788345977663993835,0,0
0.00023544429180858195464,0.69902100106994202733,0.085013704950637411506,0.36193630841175294943,2.0891042787550624382,0.1621630207404060886,0.38045162198848020418,0.42176207938451676371,1491,1491,0.023959483951330184937,0,0
0.00023555625477098050911,0.69647833598545072498,0.085291875321834867418,0.361979329455657306,2.0975232802797183496,0.16244117138215041773,0.38045130434938012609,0.42144371207417308245,1492,1492,0.024130623787641525269,0,0
0.00023566788567522039752,0.69396990137988745495,0.085567086026170288693,0.36202220764288167709,2.1059198244797965316,0.16271636243470313787,0.38045099353336098158,0.42111781514800972204,1493,1493,0.024301763623952865601,0,0
0.00023577917988409176006,0.6914949718559819658,0.085839383031441923722,0.36206494134179018074,2.114293966075750042,0.16298863986673109427,0.38045068909533819035,0.42078468237268940033,1494,1494,0.024472901597619056702,0,0
0.00023589013257080832789,0.68905285579042108157,0.0861088099692519926,0.36210752884986080469,2.1226457180423503601,0.16325804730851906088,0.38045039073432601606,0.42044459931045585765,1495,1495,0.024644041433930397034,0,0
0.00023600073872635590148,0.68664289203175665754,0.086375408423622693221,0.36214996839661023342,2.1309750555739004341,0.16352462634476991332,0.38045009807890917131,0.42009784410020534207,1496,1496,0.024815181270241737366,0,0
0.00023611099316667144956,0.68426444908453454286,0.086639217943440718916,0.36219225814644623318,2.1392819164778025254,0.16378841652358647196,0.38044981085859375103,0.41974468758378929989,1497,1497,0.024986319243907928467,0,0
0.00023622089053971546827,0.68191692254316560451,0.08690027626068778932,0.36223439620147118712,2.1475662042218734982,0.16404945557755587493,0.38044952876001930653,0.41938539390187645761,1498,1498,0.025157459080219268799,0,0
0.00023633042533242464445,0.67959973417869856682,0.08715861932492234565,0.36227638060423333899,2.1558277886141863355,0.16430777945584823518,0.38044925154227648978,0.41902022065337696244,1499,1499,0.025328598916530609131,0,0
0.00023643959187758965476,0.67731232989256295873,0.087414281473065888473,0.36231820934044123295,2.164066508224953278,0.16456342249598107652,0.38044897893885620821,0.41864941936068866823,1500,1500,0.025499736890196800232,0,0
0.00023654838436065248985,0.67505417879182783025,0.087667295474576426018,0.36235988034164101634,2.1722821712096478386,0.16481641746732547671,0.38044871073649777493,0.41827323563814899909,1501,1501,0.025670876726508140564,0,0
0.00023665679682645553161,0.67282477152158104428,0.087917692666905439269,0.36240139148786792989,2.1804745572940973375,0.1650667957079566539,0.38044844670724647928,0.41789190956223348783,1502,1502,0.025842014700174331665,0,0
0.00023676482318594148889,0.67062361937322267913,0.088165503004900711015,0.36244274061027248468,2.1886434186610310704,0.16531458717287209059,0.38044818666317464784,0.41750567583601944088,1503,1503,0.026013154536485671997,0,0
0.00023687245722282622819,0.66845025290037629606,0.088410755171254643003,0.36248392549372909777,2.196788481623193956,0.16555982054543430526,0.3804479304085711111,0.41711476408822262263,1504,1504,0.026184294372797012329,0,0
0.00023697969260024775193,0.66630422108168696482,0.088653476626500374302,0.36252494387942940657,2.2049094475295705209,0.16580252328651615135,0.38044767777846183465,0.41671939902697752167,1505,1505,0.02635543234646320343,0,0
0.00023708652286740541882,0.66418509015436877352,0.088893693700772352662,0.3625657934674649252,2.213005994211485028,0.16604272172697839838,0.38044742860447722244,0.41631980068420521013,1506,1506,0.026526572182774543762,0,0
0.0002371929414661934452,0.66209244284010371207,0.089131431642403585736,0.36260647191940093004,2.2210777768853828817,0.16628044111564810326,0.38044718274231625887,0.41591618455562734402,1507,1507,0.026697712019085884094,0,0
0.00023729894173783939353,0.6600258773492796438,0.089366714695399376844,0.3626469768608462374,2.229124429431237342,0.166515705697315608,0.38044694004704276979,0.41550876180219431522,1508,1508,0.026868849992752075195,0,0
0.00023740451692955046731,0.65798500667164838696,0.089599566145597150935,0.36268730588401898451,2.2371455652806617742,0.16674853875844042328,0.38044670039293171371,0.41509773937525262788,1509,1509,0.027039989829063415527,0,0
0.00023750966020117525576,0.65596945771696879568,0.089830008386986279212,0.36272745655031218837,2.2451407785697878872,0.16697896269385478774,0.38044646365533035803,0.41468332018361347968,1510,1510,0.027211129665374755859,0,0
0.00023761436463188301553,0.65397887066823046087,0.090058062964965643338,0.3627674263928598597,2.2531096450083167859,0.16720699904968583382,0.38044622972516906056,0.41426570320397343439,1511,1511,0.02738226763904094696,0,0
0.00023771862322686542249,0.65201289823322072792,0.090283750633779330519,0.3628072129191051709,2.261051722937494457,0.16743266858107527795,0.38044599849548693671,0.41384508361999694515,1512,1512,0.027553407475352287292,0,0
0.00023782242892406263673,0.65007120505631732499,0.090507091396725650179,0.36284681361337178807,2.2689665541793044845,0.16765599129213817897,0.38044576987215483754,0.41342165291870269783,1513,1513,0.027724547311663627625,0,0
0.00023792577460091519871,0.64815346706149123968,0.090728104556402414116,0.36288622593943897776,2.2768536650221751216,0.16787698648642015997,0.38044554376374040139,0.41299559900647525579,1514,1514,0.027895685285329818726,0,0
0.00023802865308114400621,0.64625937091794893874,0.090946808751898283729,0.36292544734312121024,2.2847125670513976914,0.16809567280390005917,0.38044532008951648105,0.41256710629242299149,1515,1515,0.028066825121641159058,0,0
0.00023813105714155715243,0.64438861345948594828,0.091163222003125030102,0.36296447525485209251,2.2925427580794091043,0.16831206826548197886,0.38044509877174986778,0.4121363557851597248,1516,1516,0.02823796495795249939,0,0
0.00023823297951888473649,0.64254090119907347756,0.091377361745123383829,0.36300330709227274228,2.3003437229593801661,0.1685261903071576528,0.3804448797417394057,0.41170352516428859735,1517,1517,0.028409102931618690491,0,0
0.00023833441291663993869,0.64071594981268653601,0.091589244867461713784,0.36304194026282465835,2.3081149344726998862,0.16873805581952602828,0.38044466293388301548,0.41126878886101625454,1518,1518,0.028580242767930030823,0,0
0.00023843535001200546618,0.63891348369811429286,0.091798887745832363771,0.36308037216634608813,2.3158558541278835285,0.16894768117928027351,0.38044444829027546096,0.41083231811893750063,1519,1519,0.028751380741596221924,0,0
0.00023853578346274219757,0.63713323551377110121,0.092006306277281263428,0.3631186001976711708,2.3235659330146609669,0.16915508228452860728,0.38044423575608810051,0.41039428106099384852,1520,1520,0.028922520577907562256,0,0
0.00023863570591411886117,0.635374945777327782,0.092211515909288763182,0.36315662174923135641,2.3312446125902064331,0.169360274583791659,0.38044402528310011791,0.40995484274071619657,1521,1521,0.029093660414218902588,0,0
0.00023873511000585851826,0.633638362451838133,0.092414531671433680637,0.36319443421365765756,2.3388913255069256891,0.16956327310773591788,0.38044381682606798201,0.40951416519758881973,1522,1522,0.029264798387885093689,0,0
0.00023883398837909808397,0.63192324058020599153,0.092615368202148523613,0.3632320349863823461,2.3465054963875058291,0.16976409249586402184,0.38044361034545104427,0.40907240749986534256,1523,1523,0.029435938224196434021,0,0
0.0002389323336833577957,0.63022934191237078849,0.092814039777300266776,0.36326942146823915092,2.3540865426315682463,0.16996274702514968524,0.38044340580453761547,0.40862972579007944551,1524,1524,0.029607078060507774353,0,0
0.0002390301385835146117,0.62855643457201548774,0.093010560334802788729,0.36330659106805901493,2.3616338751807193219,0.17015925063459788613,0.3804432031715564988,0.40818627332047086043,1525,1525,0.029778216034173965454,0,0
0.0002391273957667757453,0.62690429271965375513,0.093204943500503165121,0.36334354120526163312,2.3691468993076245653,0.17035361695117490211,0.38044300241738104873,0.40774220049014520129,1526,1526,0.029949355870485305786,0,0
0.00023922409794964555828,0.62527269624841896878,0.09339720261081672914,0.36338026931243871953,2.3766250153717085603,0.17054585931240026642,0.38044280351717574273,0.40729765487406904834,1527,1527,0.030120495706796646118,0,0
0.00023932023788488150391,0.62366143047878908057,0.09358735073623195011,0.36341677283792789277,2.3840676195929830783,0.17073599078988777045,0.38044260644855243392,0.40685278125316459708,1528,1528,0.030291633680462837219,0,0
0.00023941580836843128605,0.62207028588061719088,0.093775400702123451468,0.36345304924837540383,2.3914741047985450528,0.17092402421012162228,0.38044241119284316621,0.40640772163779065318,1529,1529,0.030462773516774177551,0,0
0.00023951080224634603046,0.62049905779592684496,0.093961365110131561673,0.36348909603128443102,2.3988438611824935975,0.17110997217586648711,0.38044221773361491801,0.40596261529189320294,1530,1530,0.030633913353085517883,0,0
0.00023960521242166141773,0.6189475461847461224,0.094145256357287848692,0.36352491069754661046,2.4061762770428782865,0.17129384708526224079,0.38044202605766108682,0.40551759875180481973,1531,1531,0.030805051326751708984,0,0
0.00023969903186124081511,0.61741555537296999301,0.094327086655478203925,0.36356049078395508145,2.4134707395280918796,0.17147566115131149256,0.38044183615378890373,0.4050728058454517444,1532,1532,0.030976191163063049316,0,0
0.00023979225360257186883,0.61590289381983520656,0.094506868049002684673,0.36359583385569516079,2.4207266353635583656,0.17165542641941458624,0.3804416480135983103,0.40462836770723792368,1533,1533,0.031147329136729240417,0,0
0.00023988487076050975374,0.61440937388827232546,0.094684612432300793716,0.36363093750881092525,2.4279433515843487079,0.17183315478511418384,0.38044146163046971276,0.4041844127932154862,1534,1534,0.03131847083568572998,0,0
0.00023997687653395856919,0.61293481163221175123,0.094860331566041247719,0.36366579937264437161,2.4351202762502799359,0.17200885801016455035,0.38044127700019569893,0.40374106689274591453,1535,1535,0.031489606946706771851,0,0
0.00024006826421248367125,0.61147902658723185532,0.095034037093260012585,0.36370041711224465608,2.4422567991640193874,0.17218254773868515994,0.3804410941201209484,0.40329845314043505367,1536,1536,0.031660746783018112183,0,0
0.00024015902718284550866,0.61004184157601448746,0.095205740554074644311,0.36373478843074369404,2.449352312572943724,0.17235423551185780067,0.38044091298964444192,0.40285669202525375976,1537,1537,0.031831886619329452515,0,0
0.00024024915893544840318,0.60862308251750341093,0.095375453400351514754,0.36376891107169634365,2.4564062118714238281,0.17252393278260691467,0.38044073360950225737,0.4024159013999289991,1538,1538,0.032003026455640792847,0,0
0.0002403386530706940014,0.60722257824903791423,0.095543187009127797382,0.36380278282138134305,2.4634178962875310503,0.17269165092900681802,0.38044055598215870129,0.40197619648814464366,1539,1539,0.032174166291952133179,0,0
0.00024042750330523245919,0.60584016035244081522,0.095708952695910329278,0.36383640151106028116,2.4703867695677677041,0.17285740126759141511,0.38044038011120273612,0.40153768989203941775,1540,1540,0.032345302402973175049,0,0
0.00024051570347810225154,0.60447566299157529102,0.095872761726874242139,0.36386976501919165994,2.4773122406464174183,0.17302119506554014539,0.38044020600165223689,0.40110049159804550545,1541,1541,0.032516442239284515381,0,0
0.00024060324755674987983,0.6031289227539974318,0.096034625330880613037,0.36390287127359677299,2.4841937243106451128,0.17318304355270436323,0.38044003365944217832,0.40066470898308720328,1542,1542,0.032687582075595855713,0,0
0.00024069012964292194143,0.60179977850280130802,0.096194554710517646279,0.36393571825357529104,2.4910306418502221604,0.17334295793263876373,0.38043986309166305526,0.40023044681956893021,1543,1543,0.032858721911907196045,0,0
0.00024077634397842007487,0.6004880712326594594,0.096352561052909652117,0.36396830399196589134,2.4978224217006279595,0.17350094939341589861,0.38043969430611640492,0.39979780728081026897,1544,1544,0.033029861748218536377,0,0
0.00024086188495071148919,0.59919364393501262089,0.096508655539651128086,0.36400062657715143155,2.5045685000705164569,0.17365702911755359628,0.38043952731151370328,0.39936688994565022748,1545,1545,0.033201001584529876709,0,0
0.00024094674709838643113,0.59791634146740479938,0.09666284935647977139,0.36403268415500333877,2.511268321560500727,0.17381120829169080522,0.38043936211707446438,0.39893779180360977588,1546,1546,0.033372137695550918579,0,0
0.00024103092511645440432,0.5966560104311728896,0.096815153702149173154,0.36406447493076449229,2.5179213397656612372,0.17396349811545661068,0.38043919873270382048,0.39851060725953468822,1547,1547,0.033543277531862258911,0,0
0.00024111441386147212029,0.59541249905317161772,0.096965579797022721786,0.36409599717086627013,2.5245270178674452666,0.17411390981006466538,0.38043903716862581543,0.39808542813891878431,1548,1548,0.033714417368173599243,0,0
0.00024119720835649442639,0.59418565707514969798,0.097114138890931372972,0.36412724920467853806,2.5310848292084879851,0.17426245462616812842,0.38043887743552989855,0.39766234369298691931,1549,1549,0.033885557204484939575,0,0
0.00024127930379584211192,0.59297533564708737597,0.097260842270738986914,0.3641582294261886954,2.537594257855124269,0.174409143851426085,0.38043871954425695359,0.39724144060454796845,1550,1550,0.034056697040796279907,0,0
0.00024136069554967846105,0.59178138722752182677,0.097405701267229291562,0.36418893629560844527,2.5440547991418034357,0.17455398881738737327,0.38043856350590371518,0.39682280299388317246,1551,1551,0.034227836877107620239,0,0
0.00024144137916838818276,0.59060366548780740548,0.097548727261684425871,0.36421936834090545831,2.550465960201565796,0.17469700090607007126,0.38043840933156292117,0.39640651242546431909,1552,1552,0.034398972988128662109,0,0
0.00024152135038675226681,0.58944202522273392297,0.097689931691843215344,0.36424952415925732074,2.5568272604775335033,0.17483819155591742711,0.38043825703239514402,0.39599264791495253357,1553,1553,0.034570112824440002441,0,0
0.00024160060512791250455,0.58829632226502714953,0.097829326057538107397,0.3642794024184267121,2.5631382322188009937,0.17497757226743476666,0.38043810661940241635,0.39558128593709912524,1554,1554,0.034741252660751342773,0,0
0.00024167913950712009079,0.58716641340570396856,0.097966921925759536949,0.36430900185805514813,2.5693984209565168264,0.17511515460825305412,0.38043795810348984832,0.39517250043411172866,1555,1555,0.034912392497062683105,0,0
0.0002417569498352621811,0.58605215631818985411,0.098102730935393830936,0.36433832129087317941,2.5756073859628365597,0.17525095021786502025,0.38043781149525807139,0.39476636282500027209,1556,1556,0.035083532333374023438,0,0
0.00024183403262216266404,0.58495340948788654423,0.098236764801427706173,0.36436735960382626853,2.5817647006892210371,0.17538497081183088144,0.38043766680506624356,0.39436294201553934169,1557,1557,0.035254668444395065308,0,0
0.00024191038457965137486,0.58387003214530297512,0.098369035318833036863,0.3643961157591144584,2.5878699531863258443,0.1755172281856600125,0.38043752404282882296,0.39396230440929386196,1558,1558,0.03542580828070640564,0,0
0.00024198600262439811867,0.58280188420435552477,0.098499554365941974221,0.36442458879514411096,2.593922746502318244,0.1756477342181879675,0.3804373832180887316,0.39356451391935909356,1559,1559,0.035596948117017745972,0,0
0.0002420608838805081149,0.58174882620400447664,0.098628333907517212742,0.36445277782739110561,2.5999226990617483324,0.17577650087464355422,0.3804372443398249537,0.39316963198124343926,1560,1560,0.035768087953329086304,0,0
0.00024213502568187495996,0.58071071925475259423,0.098755385997339087401,0.36448068204917433155,2.6058694450220665217,0.17590354020923837375,0.38043710741652381202,0.39277771756655455171,1561,1561,0.035939227789640426636,0,0
0.00024220842557428902105,0.57968742498832415144,0.098880722780495797219,0.36450830073233830841,2.611762634609714695,0.17602886436745349141,0.38043697245600532897,0.39238882719787260278,1562,1562,0.036110367625951766968,0,0
0.0002422810813172984691,0.57867880551187900195,0.09900435649522085213,0.36453563322784504619,2.6176019344332424055,0.17615248558787932609,0.38043683946548650932,0.39200301496450878913,1563,1563,0.036281503736972808838,0,0
0.00024235299088582200246,0.57768472336527021405,0.099126299474441542658,0.36456267896627375658,2.6233870277752173727,0.17627441620376110842,0.38043670845143107151,0.39162033253947120537,1564,1564,0.03645264357328414917,0,0
0.00024242415247151084877,0.57670504148251722221,0.099246564146904678316,0.364589437458229082,2.6291176148606658636,0.17639466864412695069,0.38043657941960673519,0.39124082919738101261,1565,1565,0.036623783409595489502,0,0
0.00024249456448386058714,0.57573962315616755703,0.099365163038024520437,0.36461590829465673202,2.634793413103719395,0.17651325543463292078,0.38043645237495038458,0.39086455183360446775,1566,1566,0.036794923245906829834,0,0
0.00024256422555107146261,0.57478833200562085004,0.099482108770330687775,0.36464209114706774839,2.640414157330389866,0.17663018919801318218,0.38043632732162946386,0.39049154498436711158,1567,1567,0.036966063082218170166,0,0
0.00024263313452065849384,0.57385103194812336902,0.099597414063659434058,0.36466798576767067708,2.6459795999791815291,0.17674548265426884286,0.38043620426291169245,0.39012185084810391267,1568,1568,0.037137202918529510498,0,0
0.00024270129045981113001,0.57292758717350700248,0.099711091734963799849,0.36469359198941264655,2.6514895112776848407,0.17685914862048010554,0.38043608320123611932,0.3897555093077796351,1569,1569,0.037308339029550552368,0,0
0.00024276869265550489658,0.57201786212141614296,0.099823154697884358688,0.36471890972592996283,2.6569436793966980659,0.17697120001037519588,0.38043596413809599444,0.38939255795445060215,1570,1570,0.0374794788658618927,0,0
0.00024283534061436559898,0.57112172146199136069,0.0999336159619670511,0.36474393897140860998,2.6623419105803902696,0.17708164983354940381,0.38043584707410021961,0.3890330321117983492,1571,1571,0.037650618702173233032,0,0
0.00024290123406228982471,0.57023903007891907357,0.10004248863165389472,0.3647686798003566544,2.6676840292539449884,0.17719051119445522469,0.38043573200888197716,0.38867696486186470439,1572,1572,0.037821758538484573364,0,0
0.00024296637294382285527,0.5693696530556454638,0.10014978590494856558,0.36479313236728821979,2.6729698781073993885,0.17729779729106803776,0.38043561894114968913,0.38832438707175392922,1573,1573,0.037992898374795913696,0,0
0.00024303075742129897512,0.56851345566381195074,0.1002555210718716755,0.36481729690632169749,2.6781993181571528417,0.17740352141334239655,0.38043550786861712876,0.38797532742149098972,1574,1574,0.038164034485816955566,0,0
0.00024309438787374656305,0.5676703033546063315,0.10035970751261262535,0.36484117373069335777,2.6833722287839356646,0.17750769694136189769,0.38043539878804882859,0.38762981243281457999,1575,1575,0.038335174322128295898,0,0
0.00024315726489556265498,0.56684006175214596279,0.10046235869549643982,0.36486476323218719475,2.6884885077489308891,0.17761033734330952671,0.3804352916952078445,0.38728786649908242268,1576,1576,0.03850631415843963623,0,0
0.000243219389294962047,0.56602259664953780138,0.1005634881746678283,0.36488806588048411372,2.6935480711867336723,0.1777114561731484299,0.38043518658489033912,0.38694951191607068752,1577,1577,0.038677453994750976562,0,0
0.00024328076209220454349,0.56521777400684347636,0.10066310958760452121,0.36491108222243145986,2.6985508535770681426,0.17781106706813881724,0.38043508345090137901,0.38661476891379503718,1578,1578,0.038848593831062316895,0,0
0.00024334138451760772295,0.56442545995140780413,0.10076123665238452543,0.3649338128812352755,2.7034968076940315562,0.17790918374610287245,0.38043498228607597333,0.38628365568921463336,1579,1579,0.039019733667373657227,0,0
0.00024340125800934920598,0.56364552077999408031,0.10085788316478885851,0.36495625855557772832,2.708385904534696742,0.17800582000253001302,0.38043488308227080275,0.3859561884398489684,1580,1580,0.039190869778394699097,0,0
0.00024346038421106577093,0.56287782296300914453,0.1009530629951928965,0.36497842001866170891,2.7132181332262237383,0.17810098970746715552,0.38043478583038908836,0.38563238139823019512,1581,1581,0.039362009614706039429,0,0
0.0002435187649692549007,0.56212223315036979887,0.10104679008530721707,0.36500029811718492923,2.7179935009130327117,0.17819470680226068282,0.38043469052037098832,0.38531224686718829053,1582,1582,0.039533149451017379761,0,0
0.00024357640233048651296,0.56137861817925494012,0.10113907844473438158,0.36502189377024707451,2.7227120326236082803,0.17828698529611419765,0.38043459714123400994,0.38499579525588850659,1583,1583,0.039704289287328720093,0,0
0.00024363329853843110773,0.56064684508329731827,0.1012299421473933092,0.36504320796819128558,2.7273737711182421961,0.17837783926251205013,0.38043450568105618981,0.38468303511662532701,1584,1584,0.039875429123640060425,0,0
0.0002436894560307120575,0.55992678110347748888,0.10131939532778434787,0.36506424177138369069,2.7319787767176482163,0.17846728283548699001,0.38043441612703293719,0.38437397318227184417,1585,1585,0.040046568959951400757,0,0
0.0002437448774355895477,0.55921829370026010508,0.10140745217714167148,0.36508499630893354038,2.7365271271135260811,0.1785553302057711067,0.38043432846545843784,0.38406861440440981381,1586,1586,0.040217705070972442627,0,0
0.00024379956556848408249,0.5585212505672277894,0.10149412693945111807,0.36510547277735699856,2.7410189171612864278,0.17864199561681612383,0.38043424268178049896,0.38376696199202342541,1587,1587,0.040388844907283782959,0,0
0.0002438535234283473348,0.55783551964580091465,0.10157943390737310396,0.36512567243918686577,2.7454542586559713691,0.17872729336071524475,0.38043415876059405445,0.38346901745076872325,1588,1588,0.040559984743595123291,0,0
0.0002439067541938887162,0.55716096914125434747,0.10166338741805429347,0.3651455966215327309,2.7498332800916580609,0.1788112377740175285,0.38043407668569895197,0.3831747806227180364,1589,1589,0.040731124579906463623,0,0
0.00024395926121966560835,0.55649746753963436063,0.10174600184886548049,0.36516524671459282825,2.7541561264054017499,0.17889384323346418926,0.38043399644009384675,0.38288424972658507972,1590,1590,0.040902264416217803955,0,0
0.00024401104803204617358,0.55584488362579465015,0.10182729161304951426,0.36518462417012226284,2.7584229587060460354,0.17897512415163982502,0.38043391800603471031,0.38259742139833136099,1591,1591,0.041073400527238845825,0,0
0.00024406211832505276768,0.55520308650217120583,0.10190727115531340863,0.36520373049985949132,2.7626339539890234498,0.17905509497256238971,0.38043384136503327619,0.38231429073214195924,1592,1592,0.041244540363550186157,0,0
0.00024411247595609500806,0.55457194560849387699,0.10198595494735376854,0.36522256727391533282,2.7667893048375264975,0.1791337701672131022,0.38043376649792393085,0.3820348513216905717,1593,1593,0.041415680199861526489,0,0
0.00024416212494160038481,0.55395133074206304169,0.10206335748334352531,0.3652411361191268413,2.7708892191110443548,0.17921116422901953169,0.38043369338485111264,0.38175909530168017358,1594,1594,0.041586820036172866821,0,0
0.00024421106945255182004,0.55334111207883629469,0.10213949327536984979,0.36525943871737948099,2.7749339196218434367,0.17928729166929896488,0.38043362200535324469,0.38148701338955964824,1595,1595,0.041757959872484207153,0,0
0.00024425931380994019872,0.55274116019485064477,0.10221437684885906205,0.36527747680390060259,2.778923643800415455,0.17936216701267945761,0.38043355233833808793,0.38121859492743187525,1596,1596,0.041929099708795547485,0,0
0.00024430686248014103247,0.55215134608835170216,0.1022880227379663054,0.36529525216552827249,2.7828586433503366138,0.17943580479249574,0.38043348436217494513,0.38095382792403281735,1597,1597,0.042100235819816589355,0,0
0.00024435372007022284572,0.55157154120211926429,0.10236044548096527584,0.36531276663895645429,2.7867391838935455795,0.17950821954617374177,0.38043341805467162375,0.38069269909679898101,1598,1598,0.042271375656127929688,0,0
0.00024439989132319701491,0.5510016174463047145,0.10243165961562891719,0.3653300221089625377,2.7905655446067458847,0.17957942581061819842,0.3804333533931640865,0.38043519391392038864,1599,1599,0.04244251549243927002,0,0
0.00024444538111321659603,0.55044144722135091019,0.10250167967462332774,0.36534702050661760353,2.7943380178497192468,0.17964943811760186732,0.38043329035449768849,0.38018129663638222659,1600,1600,0.042613655328750610352,0,0
0.00024449019444073189248,0.54989090344127022902,0.10257052018090886958,0.36536376380748364356,2.7980569087862878774,0.17971827098917278476,0.38043322891510955586,0.37993099035990185453,1601,1601,0.042784795165061950684,0,0
0.00024453433642761279211,0.54934985955691517656,0.10263819564316702115,0.36538025402980106593,2.801722534998735803,0.17978593893307712182,0.38043316905102714243,0.37968425705674857529,1602,1602,0.042955935001373291016,0,0
0.0002445778123122433487,0.54881818957940120551,0.10270472055125705324,0.36539649323266842895,2.8053352260964006248,0.17985245643822125872,0.38043311073792712707,0.37944107761739986895,1603,1603,0.043127071112394332886,0,0
0.0002446206274445988536,0.54829576810347602223,0.10277010937170509564,0.36541248351421778962,2.8088953233192048842,0.17991783797015725721,0.38043305395114862533,0.37920143189196720002,1604,1604,0.043298210948705673218,0,0
0.00024466278728131076424,0.54778247033088367512,0.10283437654324147081,0.36542822700978822015,2.8124031791369361599,0.17998209796662587023,0.38043299866575336354,0.3789652987313785748,1605,1605,0.04346935078501701355,0,0
0.00024470429738072897643,0.54727817209355844597,0.10289753647238288059,0.36544372589010010177,2.8158591568448305686,0.18004525083313474565,0.38043294485652917603,0.37873265602826000631,1606,1606,0.043640490621328353882,0,0
0.0002447451633979874034,0.54678274987672303986,0.10295960352907508606,0.36545898235943358179,2.8192636301563815948,0.18010731093860704588,0.38043289249805534169,0.37850348075748779797,1607,1607,0.043811630457639694214,0,0
0.0002447853910800797464,0.54629608084169922755,0.10302059204239209789,0.36547399865381197115,2.8226169827938600854,0.18016829261107597526,0.38043284156469914237,0.37827774901636312954,1608,1608,0.043982766568660736084,0,0
0.00024482498626095358825,0.54581804284855406362,0.10308051629630611556,0.36548877703919463444,2.8259196080774415805,0.18022821013346182473,0.38043279203069430006,0.37805543606437891357,1609,1609,0.044153906404972076416,0,0
0.00024486395485662785154,0.54534851447830312576,0.1031393905255298532,0.36550331980967998291,2.8291719085133881784,0.18028707773940852443,0.38043274387011588589,0.37783651636255882744,1610,1610,0.044325046241283416748,0,0
0.0002449023028603406686,0.54488737505493411994,0.10319722891143291721,0.36551762928572190114,2.8323742953821033908,0.18034490960920770974,0.38043269705697152494,0.37762096361230140795,1611,1611,0.04449618607759475708,0,0
0.00024494003633773373495,0.54443450466686627021,0.10325404557804337968,0.36553170781236116182,2.835527188326619985,0.18040171986579447982,0.38043265156517735992,0.37740875079373059631,1612,1612,0.044667325913906097412,0,0
0.00024497716142207867553,0.54398978418815213676,0.1033098545881321606,0.36554555775747421542,2.8386310149419462512,0.18045752257083894077,0.3804326073686324361,0.37719985020352370109,1613,1613,0.044838465750217437744,0,0
0.00024501368430955111589,0.54355309529904660693,0.10336466993939220915,0.36555918151004113126,2.8416862103663675931,0.18051233172092046031,0.38043256444120648885,0.37699423349214844503,1614,1614,0.045009601861238479614,0,0
0.00024504961125455749973,0.54312432050626380242,0.10341850556070315836,0.3655725814784345773,2.8446932168744667457,0.18056616124379828991,0.38043252275680733421,0.37679187170054279088,1615,1615,0.045180741697549819946,0,0
0.00024508494856511996553,0.5427033431625345461,0.10347137530850218645,0.36558576008873183705,2.8476524834732899194,0.18061902499477905382,0.38043248228937337485,0.3765927352961584984,1616,1616,0.045351881533861160278,0,0
0.00024511970259832345639,0.54229004748576514761,0.10352329296324584706,0.36559871978305080731,2.8505644655012845057,0.18067093675318282586,0.38043244301292533649,0.37639679420839650126,1617,1617,0.04552302137017250061,0,0
0.00024515387975583037561,0.54188431857748819986,0.10357427222598190875,0.36561146301791275226,2.8534296242313677006,0.18072191021891256812,0.38043240490156793321,0.37620401786335772032,1618,1618,0.045694161206483840942,0,0
0.00024518748647946549861,0.54148604244083631265,0.10362432671501899117,0.36562399226263186947,2.8562484264777516785,0.18077195900912765292,0.38043236792953705194,0.37601437521794783825,1619,1619,0.045865297317504882812,0,0
0.00024522052924687683323,0.54109510599778376516,0.10367346996270863924,0.36563630999773416574,2.8590213442076994887,0.18082109665502332785,0.38043233207119880879,0.37582783479326731246,1620,1620,0.046036437153816223145,0,0
0.00024525301456727421727,0.54071139710584170679,0.10372171541233496384,0.36564841871340603152,2.8617488541580815564,0.18086933659872542202,0.38043229730109567877,0.37564436470731787931,1621,1621,0.046207576990127563477,0,0
0.00024528494897725047806,0.54033480457403249009,0.10376907641510989266,0.36566032090797445653,2.8644314374573989213,0.18091669219028122528,0.38043226359394177738,0.37546393270696243327,1622,1622,0.046378716826438903809,0,0
0.00024531633903668683457,0.53996521817824250089,0.10381556622728892181,0.3656720190864191089,2.8670695792536124991,0.18096317668478140162,0.38043223092466854629,0.37528650619917891529,1623,1623,0.046549856662750244141,0,0
0.00024534719132474666192,0.53960252867585523084,0.10386119800738861929,0.36568351575891810956,2.8696637683479826464,0.18100880323957246887,0.38043219926841603806,0.37511205228154337332,1624,1624,0.046720996499061584473,0,0
0.0002453775124359591363,0.53924662781972565462,0.1039059848135295977,0.36569481343942744633,2.872214496835473696,0.18105358491160647438,0.38043216860057760265,0.37494053777198327326,1625,1625,0.046892132610082626343,0,0
0.00024540730897639536235,0.53889740837143151886,0.10394993960088019791,0.36570591464429552664,2.8747222597516670639,0.18109753465487929414,0.38043213889678950679,0.37477192923774971245,1626,1626,0.047063272446393966675,0,0
0.00024543658755993920557,0.53855476411384362034,0.10399307521922737663,0.36571682189091325732,2.8771875547269099016,0.18114066531800809834,0.38043211013297684175,0.37460619302363423744,1627,1627,0.047234412282705307007,0,0
0.00024546535480465413084,0.53821858986293324989,0.10403540441065232958,0.36572753769640020671,2.879610881647414633,0.18118298964190163169,0.38043208228532704451,0.37444329527941472291,1628,1628,0.047405552119016647339,0,0
0.0002454936173292481612,0.53788878147895968773,0.10407693980732489469,0.36573806457632740408,2.8819927423240581099,0.18122452025756111138,0.38043205533035223675,0.37428320198650799622,1629,1629,0.047576691955327987671,0,0
0.00024552138174963766175,0.53756523587681626086,0.1041176939294125442,0.36574840504347716497,2.8843336401686729964,0.18126526968398476436,0.38043202924485380878,0.37412587898386640006,1630,1630,0.047747831791639328003,0,0
0.00024554865467561114113,0.53724785103580963153,0.10415767918309630502,0.3657585616066402201,2.8866340798781315868,0.18130525032618791115,0.38043200400597626532,0.37397129199307532765,1631,1631,0.047918967902660369873,0,0
0.00024557544270759458852,0.53693652600855557022,0.10419690785871268957,0.36576853676945075833,2.8888945671266301751,0.18134447447334337,0.38043197959117941442,0.37381940664269064367,1632,1632,0.048090107738971710205,0,0
0.00024560175243351785833,0.53663116092934470824,0.10423539212898952355,0.36577833302925882863,2.891115608265739656,0.18138295429701889461,0.3804319559782816107,0.37367018849177835449,1633,1633,0.048261247575283050537,0,0
0.00024562759042578356621,0.53633165702163221322,0.10427314404741055975,0.36578795287604132236,2.8932977100330288245,0.18142070184954134371,0.38043193314543738426,0.37352360305269843854,1634,1634,0.048432387411594390869,0,0
0.00024565296323833800841,0.53603791660496324933,0.10431017554667662561,0.36579739879135003688,2.8954413792687891949,0.18145772906245982714,0.3804319110711734675,0.37337961581309919712,1635,1635,0.048603527247905731201,0,0
0.00024567787740384453834,0.53574984310110784769,0.10434649843728210916,0.36580667324729848611,2.8975471226412312653,0.1814940477451206513,0.38043188973437258582,0.37323819225715909598,1636,1636,0.048774663358926773071,0,0
0.00024570233943095923755,0.53546734103957216444,0.10438212440619559773,0.36581577870558623644,2.8996154463801224743,0.1815296695833505114,0.38043186911429655028,0.37309929788606049916,1637,1637,0.048945803195238113403,0,0
0.00024572635580170861013,0.53519031606237676968,0.10441706501564841647,0.36582471761656076836,2.9016468560189481174,0.18156460613824365602,0.38043184919057415616,0.37296289823771294758,1638,1638,0.049116943031549453735,0,0
0.00024574993296896875845,0.53491867492823896857,0.10445133170202149098,0.36583349241831714105,2.9036418561455397125,0.18159886884505077598,0.38043182994322916057,0.37282895890571760011,1639,1639,0.049288082867860794067,0,0
0.00024577307735404511869,0.53465232551599861655,0.10448493577484246897,0.36584210553583457193,2.9056009501613151436,0.18163246901217494633,0.3804318113526569678,0.37269744555761175064,1640,1640,0.049459222704172134399,0,0
0.00024579579534435297286,0.53439117682750214566,0.10451788841587361656,0.36585055938015026422,2.9075246400488610199,0.18166541782026118801,0.38043179339964733332,0.37256832395237193811,1641,1641,0.049630362540483474731,0,0
0.00024581809329119673176,0.53413513898975717442,0.10455020067830669839,0.36585885634756953877,2.9094134261483279857,0.18169772632139100099,0.38043177606537587065,0.37244155995718991603,1642,1642,0.049801498651504516602,0,0
0.00024583997750764793443,0.53388412325654888146,0.1045818834860453711,0.36586699881891210362,2.9112678069419004601,0.18172940543836571536,0.38043175933141420986,0.37231711956355612037,1643,1643,0.049972638487815856934,0,0
0.00024586145426651995856,0.53363804200937203781,0.10461294763308799649,0.36587498915879429484,2.9130882788470153777,0.18176046596408848566,0.38043174317972000553,0.3721949689026256558,1644,1644,0.050143778324127197266,0,0
0.00024588252979843868264,0.5333968087578354611,0.10464340378299868961,0.36588282971494601181,2.9148753360176891114,0.18179091856103771208,0.38043172759265142524,0.3720750742599151506,1645,1645,0.050314918160438537598,0,0
0.00024590321029000855807,0.53316033813941243746,0.10467326246846950233,0.36589052281756306861,2.9166294701543149515,0.18182077376082647624,0.38043171255294505606,0.3719574020893051669,1646,1646,0.05048605799674987793,0,0
0.00024592350188207040464,0.53292854591872595993,0.10470253409096660913,0.36589807077869307417,2.9183511703214750632,0.18185004196385284869,0.38043169804374737941,0.37184191902639240901,1647,1647,0.050657197833061218262,0,0
0.00024594341066805212219,0.53270134898615417729,0.10473122892046650423,0.36590547589165506315,2.9200409227740364848,0.18187873343903196433,0.38043168404857441445,0.3717285919011860118,1648,1648,0.050828333944082260132,0,0
0.00024596294269240884895,0.5324786653560402705,0.10475935709526863759,0.36591274043049226705,2.9216992107910608745,0.18190685832361350172,0.3804316705513487995,0.37161738775016950331,1649,1649,0.050999473780393600464,0,0
0.00024598210394915142815,0.53226041416424763053,0.10478692862189381563,0.36591986664945674868,2.9233265145178153332,0.18193442662307596214,0.38043165753636226656,0.3715082738277328267,1650,1650,0.051170613616704940796,0,0
0.00024600090038046182762,0.5320465156653442218,0.10481395337505350351,0.36592685678252634407,2.9249233108153167571,0.18196144821109988543,0.38043164498830672748,0.37140121761700012337,1651,1651,0.051341753453016281128,0,0
0.00024601933787539323559,0.53183689122916188996,0.10484044109770347675,0.36593371304295196911,2.9264900731177450055,0.18198793282961894802,0.38043163289223608237,0.37129618684006654439,1652,1652,0.05151289328932762146,0,0
0.0002460374222686530438,0.53163146333702682167,0.10486640140115810471,0.36594043762283529064,2.9280272712971737725,0.18201389008893620325,0.38043162123359569593,0.37119314946763437568,1653,1653,0.05168402940034866333,0,0
0.00024605515933946736249,0.53143015557740691523,0.10489184376528738751,0.36594703269273654023,2.9295353715358469771,0.18203932946792036884,0.38043160999819342072,0.37109207372810443237,1654,1654,0.051855169236660003662,0,0
0.00024607255481052403177,0.53123289264122208753,0.10491677753877096113,0.36595350040131030545,2.9310148362055126192,0.18206426031426031775,0.38043159917221153199,0.37099292811609857479,1655,1655,0.052026309072971343994,0,0
0.00024608961434699369543,0.53103960031667130082,0.10494121193942415604,0.36595984287497013154,2.9324661237539526581,0.1820886918447910674,0.38043158874219351606,0.37089568140045203748,1656,1656,0.052197448909282684326,0,0
0.00024610634355562563055,0.53085020548367378712,0.10496515605458602016,0.36596606221758010147,2.9338896885984446783,0.18211263314588263529,0.38043157869504395929,0.3708003026316792905,1657,1657,0.052368588745594024658,0,0
0.00024612274798391670658,0.53066463610793745964,0.10498861884156292235,0.36597216051017333882,2.9352859810258724593,0.18213609317388257391,0.38043156901802210879,0.37070676114892786579,1658,1658,0.05253972858190536499,0,0
0.00024613883311935195585,0.53048282123462564552,0.10501160912813731207,0.36597813981069587941,2.9366554470995445136,0.18215908075562586843,0.38043155969873337918,0.37061502658645201214,1659,1659,0.05271086469292640686,0,0
0.0002461546043887142079,0.53030469098169019659,0.1050341356131269388,0.36598400215377629996,2.9379985285724878885,0.18218160458899379517,0.38043155072512968573,0.3705250688795835301,1660,1660,0.052882004529237747192,0,0
0.00024617006715746051057,0.53013017653288219133,0.10505620686699609911,0.3659897495505189946,2.9393156628068175529,0.18220367324352548799,0.38043154208550539197,0.37043685827026051616,1661,1661,0.053053144365549087524,0,0
0.00024618522672916430798,0.52995921013037106118,0.10507783133252532326,0.36599538398832187625,2.940607282699512659,0.18222529516108706971,0.38043153376847843594,0.37035036531209469812,1662,1662,0.053224284201860427856,0,0
0.00024620008834501990597,0.52979172506715677127,0.10509901732551951703,0.36600090743071589383,2.9418738166138473922,0.1822464786565811401,0.38043152576300520717,0.37026556087500389625,1663,1663,0.053395424038171768188,0,0
0.00024621465718340857431,0.52962765567907743591,0.10511977303557235031,0.36600632181722747571,2.943115688316868539,0.18226723191870949914,0.38043151805835118129,0.37018241614942459794,1664,1664,0.053566563874483108521,0,0
0.00024622893835952325021,0.52946693733666339021,0.10514010652686407721,0.36601162906326184521,2.944333316922131516,0.18228756301077281288,0.38043151064410768436,0.37010090265012307587,1665,1665,0.053737699985504150391,0,0
0.00024624293692505037912,0.52930950643660701349,0.10516002573901163386,0.36601683106000704182,2.9455271168382854974,0.18230747987151899037,0.38043150351016652433,0.37002099221959822151,1666,1666,0.053908839821815490723,0,0
0.00024625665786790645363,0.52915530039309488508,0.10517953848794961424,0.36602192967435775994,2.9466974977224968946,0.18232699031602586648,0.3804314966467289838,0.36994265703112871879,1667,1667,0.054079979658126831055,0,0
0.0002462701061120277867,0.52900425762882008485,0.10519865246685525251,0.36602692674885817237,2.9478448644393333566,0.18234610203662460215,0.38043149004428739035,0.36986586959143064046,1668,1668,0.054251119494438171387,0,0
0.00024628328651721118807,0.52885631756584272622,0.10521737524710497724,0.36603182410166335004,2.9489696170243182571,0.18236482260385811216,0.38043148369363044559,0.36979060274298303224,1669,1669,0.054422259330749511719,0,0
0.00024629620387900348416,0.52871142061620379771,0.105235714279264439,0.36603662352651822331,2.9500721506522844528,0.18238315946746855301,0.380431477585820077,0.36971682966600949438,1670,1670,0.054593395441770553589,0,0
0.00024630886292863847162,0.52856950817239545248,0.10525367689411083139,0.36604132679275325213,2.9511528556104646981,0.18240111995742253059,0.38043147171221247671,0.36964452388011992401,1671,1671,0.054764535278081893921,0,0
0.0002463212683330187028,0.52843052259757583577,0.10527127030368779725,0.36604593564529674943,2.9522121172758013508,0.18241871128496348065,0.38043146606441524682,0.36957365924567653348,1672,1672,0.054935675114393234253,0,0
0.00024633342469474112709,0.52829440721574516537,0.10528850160237786249,0.36605045180470274779,2.9532503160966343536,0.18243594054368589275,0.38043146063432259352,0.36950420996481109226,1673,1673,0.055106814950704574585,0,0
0.00024634533655216393202,0.52816110630160850725,0.10530537776801675298,0.3660548769671931324,2.9542678275785081432,0.18245281471064833667,0.38043145541406464538,0.36943615058221002112,1674,1674,0.055277954787015914917,0,0
0.00024635700837951295767,0.52803056507048673485,0.10532190566301119494,0.36605921280471503954,2.9552650222737422148,0.18246934064749198434,0.38043145039604148172,0.36936945598557419101,1675,1675,0.055449094623327255249,0,0
0.0002463684445870265461,0.52790272966792939346,0.10533809203549940325,0.36606346096501080067,2.9562422657750819788,0.18248552510160104267,0.38043144557289004792,0.36930410140585212542,1676,1676,0.055620230734348297119,0,0
0.00024637964952113633205,0.52777754715934699359,0.10535394352051374867,0.36606762307170176429,2.9571999187125950215,0.18250137470726440769,0.38043144093748976209,0.36924006241720574995,1677,1677,0.055791370570659637451,0,0
0.00024639062746468240288,0.52765496551944934822,0.10536946664117743944,0.3660717007243834975,2.9581383367544784591,0.1825168959868740115,0.38043143648295668635,0.36917731493673516807,1678,1678,0.055962510406970977783,0,0
0.00024640138263716179767,0.52753493362163783598,0.1053846678099081835,0.36607569549873375525,2.9590578706107732998,0.18253209535212669423,0.38043143220262654047,0.36911583522399254997,1679,1679,0.056133650243282318115,0,0
0.00024641191919500796039,0.52741740122732660989,0.10539955332963962809,0.36607960894663077456,2.9599588660405431462,0.18254697910524678162,0.38043142809006530447,0.36905559988025010698,1680,1680,0.056304790079593658447,0,0
0.00024642224123189979167,0.52730231897515400519,0.1054141293950598135,0.3660834425962825045,2.9608416638619314831,0.18256155344022370612,0.38043142413904806887,0.36899658584759154056,1681,1681,0.056475929915904998779,0,0
0.00024643235277909921518,0.5271896383701684119,0.10542840209385963279,0.36608719795236566164,2.9617065999652694153,0.18257582444406106337,0.38043142034356636216,0.368938770407777894,1682,1682,0.056647066026926040649,0,0
0.00024644225780581492744,0.52707931177293632086,0.10544237740799372594,0.36609087649617438887,2.9625540053287209297,0.18258979809803674299,0.38043141669780533576,0.36888213118095880549,1683,1683,0.056818205863237380981,0,0
0.00024645196021959157222,0.52697129238864903744,0.10545606121494867369,0.36609447968577774057,2.9633842060368293936,0.18260348027897169154,0.38043141319616202711,0.36882664612416427019,1684,1684,0.056989345699548721313,0,0
0.00024646146386672282153,0.52686553425613791291,0.10546945928902512479,0.36609800895618554994,2.9641975233012503033,0.18261687676051135965,0.38043140983321044324,0.36877229352968460274,1685,1685,0.057160485535860061646,0,0
0.00024647077253268641177,0.52676199223694020191,0.10548257730261906273,0.3661014657195223454,2.9649942734841476799,0.18262999321440723244,0.38043140660372565254,0.3687190520232280222,1686,1686,0.057331625372171401978,0,0
0.00024647988994260059282,0.52666062200427943285,0.10549542082751783845,0.36610485136520837246,2.9657747681235626658,0.18264283521181270964,0.38043140350265486349,0.36866690056199241665,1687,1687,0.057502761483192443848,0,0
0.00024648881976170003861,0.52656138003207575427,0.10550799533619623083,0.36610816726014783207,2.9665393139611944129,0.18265540822457901338,0.3804314005251245856,0.36861581843254292989,1688,1688,0.05767390131950378418,0,0
0.00024649756559583040592,0.52646422358396005592,0.10552030620311639297,0.36611141474892339165,2.9672882129718596289,0.18266771762655548139,0.38043139766643108146,0.36856578524859817669,1689,1689,0.057845041155815124512,0,0
0.00024650613099196007783,0.52636911070229164267,0.1055323587060292001,0.36611459515399707998,2.9680217623951286043,0.18267976869488966596,0.38043139492204208763,0.36851678094865208957,1690,1690,0.058016180992126464844,0,0
0.00024651451943870806172,0.52627600019715248258,0.10554415802728620011,0.36611770977591617804,2.9687402547685572962,0.1826915666113411163,0.3804313922875764975,0.36846878579353298244,1691,1691,0.058187320828437805176,0,0
0.00024652273436688630723,0.52618485163545170025,0.10555570925513421687,0.36612075989352482752,2.9694439779626384812,0.18270311646357287327,0.38043138975881818364,0.36842178036378442352,1692,1692,0.058358460664749145508,0,0
0.00024653077915005666091,0.52609562532993081607,0.10556701738503551646,0.36612374676418024677,2.9701332152174293455,0.18271442324647546585,0.38043138733169146182,0.36837574555702162771,1693,1693,0.058529596775770187378,0,0
0.00024653865710510007234,0.52600828232835517007,0.10557808732095715076,0.36612667162397322107,2.9708082451804442847,0.18272549186345254935,0.38043138500227979826,0.36833066258511421021,1694,1694,0.05870073661208152771,0,0
0.00024654637149279729283,0.525922784402602983,0.10558892387668403212,0.36612953568795292281,2.9714693419460522783,0.18273632712773593689,0.38043138276679777654,0.3682865129713542296,1695,1695,0.058871876448392868042,0,0
0.00024655392551842095824,0.52583909403789386161,0.10559953177711375871,0.36613234015035500679,2.9721167750961736687,0.18274693376367964759,0.38043138062160375412,0.36824327854748567512,1696,1696,0.059043016284704208374,0,0
0.00024656132233233677906,0.52575717442202563046,0.10560991565955397953,0.36613508618483336932,2.9727508097420090039,0.18275731640805720213,0.38043137856318354206,0.36820094145069975911,1697,1697,0.059214156121015548706,0,0
0.00024656856503061416307,0.52567698943467777717,0.10562008007501400009,0.36613777494469468277,2.9733717065670624002,0.18276747961135311749,0.38043137658815318058,0.36815948412053067784,1698,1698,0.059385292232036590576,0,0
0.00024657565665564431905,0.52559850363678550789,0.10563002948949075377,0.3661404075631357613,2.9739797218709891347,0.18277742783904904478,0.3804313746932546092,0.36811888929570996121,1699,1699,0.059556432068347930908,0,0
0.00024658260019676573292,0.52552168225995388173,0.10563976828525062368,0.36614298515348303598,2.9745751076145077185,0.1827871654729048001,0.38043137287534573021,0.36807914001095204393,1700,1700,0.05972757190465927124,0,0
0.00024658939859089609508,0.52544649119597430786,0.10564930076210293786,0.36614550880943452782,2.975158111465094013,0.18279669681223284505,0.3804313711314072366,0.36804021959368787842,1701,1701,0.059898711740970611572,0,0
0.00024659605472316926912,0.52537289698638434121,0.10565863113866755252,0.36614797960530309773,2.9757289768434316279,0.18280602607516432956,0.38043136945852751296,0.36800211166075896818,1702,1702,0.060069851577281951904,0,0
0.00024660257142757757319,0.5253008668121045277,0.10566776355363828588,0.36615039859626158369,2.9762879429706816659,0.18281515739991388569,0.3804313678539019139,0.36796480011506499386,1703,1703,0.060240991413593292236,0,0
0.00024660895148761780189,0.52523036848319659686,0.10567670206702933777,0.36615276681858927033,2.9768352449161921136,0.18282409484602452077,0.38043136631483359666,0.36792826914216708589,1704,1704,0.060412127524614334106,0,0
0.0002466151976369407718,0.52516137042865118634,0.10568545066142423505,0.36615508528991869142,2.9773711136459923843,0.18283284239561814477,0.38043136483872863618,0.36789250320686950335,1705,1705,0.060583267360925674438,0,0
0.00024662131256000346903,0.52509384168630302003,0.10569401324320511215,0.36615735500948415337,2.9778957760715152325,0.18284140395462203377,0.38043136342308514486,0.36785748704976872769,1706,1706,0.060754407197237014771,0,0
0.00024662729889272336529,0.52502775189279260459,0.10570239364378600233,0.36615957695837036967,2.9784094550991291328,0.18284978335400589589,0.3804313620654982131,0.3678232056837794639,1707,1707,0.060925547033548355103,0,0
0.00024663315922313430598,0.52496307127369856715,0.10571059562081616678,0.36616175209976115079,2.978912369679633354,0.18285798435098074566,0.38043136076365985376,0.36778964439062133973,1708,1708,0.061096686869859695435,0,0
0.00024663889609204304879,0.52489977063364356979,0.10571862285939936932,0.36616388137918853829,2.9794047348584049573,0.18286601063022209224,0.38043135951533874062,0.36775678871733924469,1709,1709,0.061267826706171035767,0,0
0.00024664451199368656129,0.52483782134663714558,0.10572647897327426547,0.36616596572478210536,2.9798867618256239531,0.18287386580504658151,0.38043135831839952621,0.36772462447273568387,1710,1710,0.061438962817192077637,0,0
0.00024665000937638893903,0.52477719534638977983,0.10573416750601000169,0.36616800604751759129,2.9803586579667693535,0.18288155341861070391,0.38043135717077902758,0.36769313772387729466,1711,1711,0.061610102653503417969,0,0
0.00024665539064321772731,0.52471786511682283471,0.10574169193216995111,0.36617000324146520285,2.9808206269134096544,0.18288907694507186563,0.38043135607050260205,0.36766231479250804925,1712,1712,0.061781242489814758301,0,0
0.0002466606581526393214,0.52465980368262810085,0.10574905565847744771,0.36617195818403758256,2.9812728685937557316,0.18289643979075584368,0.38043135501566421874,0.36763214225154949855,1713,1713,0.061952382326126098633,0,0
0.00024666581421917257782,0.52460298459994481046,0.10575626202496196671,0.36617387173623683339,2.9817155792837626294,0.18290364529530087068,0.38043135400443189864,0.36760260692151547346,1714,1714,0.062123522162437438965,0,0
0.00024667086111404085353,0.52454738194715133659,0.10576331430609980933,0.36617574474290048858,2.982148951657934699,0.18291069673280130337,0.38043135303505043465,0.36757369586699245589,1715,1715,0.062294658273458480835,0,0
0.00024667580106582106354,0.52449297031575758954,0.1057702157119335129,0.36617757803294681551,2.9825731748401524968,0.18291759731292298041,0.38043135210582551542,0.36754539639308975163,1716,1716,0.062465798109769821167,0,0
0.00024668063626109105807,0.52443972480140399473,0.10577696938918898506,0.36617937241961889816,2.9829884344546111485,0.18292435018202374275,0.38043135121513543817,0.36751769604191308893,1717,1717,0.062636941671371459961,0,0
0.00024668536884507282544,0.52438762099495028757,0.10578357842237547104,0.36618112870072699883,2.9833949126766019511,0.18293095842425144415,0.38043135036141484395,0.36749058258904077068,1718,1718,0.062808074057102203369,0,0
0.00024669000092227303875,0.52433663497374594087,0.10579004583486564806,0.36618284765889008714,2.9837927882829586856,0.18293742506262367087,0.38043134954316537577,0.36746404404001525856,1719,1719,0.062979213893413543701,0,0
0.00024669453455711959095,0.5242867432928941529,0.10579637458998031319,0.36618453006177537068,2.9841822367028436602,0.18294375306011390059,0.38043134875894357716,0.3674380686268480245,1720,1720,0.063150353729724884033,0,0
0.00024669897177459422684,0.52423792297674642882,0.10580256759204029193,0.36618617666233665986,2.9845634300678067774,0.18294994532070171789,0.38043134800736422285,0.36741264480453994512,1721,1721,0.063321493566036224365,0,0
0.00024670331456086100081,0.52419015151042103184,0.10580862768742056723,0.36618778819905067889,2.9849365372620662029,0.18295600469042785918,0.38043134728709626646,0.36738776124762018149,1722,1722,0.063492633402347564697,0,0
0.00024670756486388980156,0.52414340683150151268,0.10581455766557940068,0.3661893653961514894,2.9853017239721872933,0.1829619339584225568,0.38043134659686350663,0.3673634068467077074,1723,1723,0.063663773238658905029,0,0
0.00024671172459407575677,0.52409766732176854553,0.10582036026008637131,0.36619090896386358169,2.9856591527369205075,0.1829677358579338553,0.38043134593543609379,0.36733957070508566067,1724,1724,0.063834913074970245361,0,0
0.00024671579562485294575,0.52405291179913149335,0.10582603814962510125,0.3661924195986321906,2.9860089829962728203,0.1829734130673302539,0.38043134530163419393,0.36731624213531566259,1725,1725,0.064006052911281585693,0,0
0.00024671977979330355843,0.5240091195096118204,0.10583159395898973643,0.36619389798335233444,2.9863513711407057016,0.18297896821109668752,0.38043134469432754452,0.36729341065584730774,1726,1726,0.064177192747592926025,0,0
0.00024672367890076109124,0.52396627011946583785,0.10583703026006635595,0.36619534478759507845,2.9866864705596358753,0.18298440386081654685,0.3804313441124292372,0.3672710659876933792,1727,1727,0.064348332583904266357,0,0
0.00024672749471340839301,0.52392434370739393579,0.10584234957280121148,0.36619676066783218848,2.9870144316899072123,0.182989722536138405,0.38043134355489005571,0.36724919805109268456,1728,1728,0.064519472420215606689,0,0
0.00024673122896286963941,0.52388332075692056744,0.10584755436615296553,0.36619814626765823107,2.987335402063596046,0.18299492670573055952,0.38043134302071401898,0.36722779696222879187,1729,1729,0.064690604805946350098,0,0
0.00024673488334679694045,0.5238431821487927742,0.10585264705903638105,0.36619950221801039758,2.9876495263557170112,0.18300001878822147461,0.38043134250893129167,0.36720685302995981214,1730,1730,0.06486174464225769043,0,0
0.00024673845952945011768,0.52380390915361385584,0.1058576300212460547,0.36620082913738605246,2.9879569464312094595,0.18300500115312737237,0.38043134201862982557,0.36718635675259425621,1731,1731,0.065032884478569030762,0,0
0.00024674195914227106024,0.52376548342443451922,0.10586250557437387743,0.36620212763205811646,2.9882578013918230653,0.1830098761217642811,0.38043134154890856369,0.36716629881468415553,1732,1732,0.065204024314880371094,0,0
0.00024674538378445162994,0.52372788698963512743,0.10586727599270630285,0.36620339829628761885,2.9885522276222897808,0.18301464596815181229,0.38043134109893106398,0.36714667008386075997,1733,1733,0.065375164151191711426,0,0
0.00024674873502349484438,0.52369110224573489631,0.10587194350411262278,0.36620464171253397367,2.9888403588362777441,0.18301931291989395612,0.3804313406678682119,0.36712746160769021975,1734,1734,0.065546303987503051758,0,0
0.00024675201439576998838,0.52365511195046676729,0.10587651029092087773,0.36620585845166314654,2.9891223261217176876,0.18302387915906287441,0.38043134025494573791,0.36710866461058699883,1735,1735,0.06571744382381439209,0,0
0.00024675522340706111191,0.52361989921585905261,0.10588097849077095225,0.36620704907315254628,2.9893982579857611981,0.18302834682304311431,0.38043133985940502662,0.36709027049071607518,1736,1736,0.065888583660125732422,0,0
0.00024675836353310875168,0.52358544750146984725,0.10588535019747370713,0.36620821412529425132,2.9896682803992304933,0.18303271800540044101,0.38043133948053109439,0.36707227081699977944,1737,1737,0.066059723496437072754,0,0
0.00024676143622014509336,0.52355174060771869637,0.10588962746183111507,0.36620935414539496078,2.9899325168405677111,0.18303699475669135688,0.3804313391176228909,0.36705465732607250873,1738,1738,0.066230863332748413086,0,0
0.00024676444288542241168,0.52351876266935082338,0.10589381229246835892,0.36621046965997378075,2.9901910883392641693,0.18304117908530564973,0.38043133877002766052,0.36703742191935984085,1739,1739,0.066402003169059753418,0,0
0.00024676738491773468013,0.52348649814893000176,0.10589790665663519065,0.36621156118495734599,2.990444113518930358,0.18304527295825764877,0.38043133843709486808,0.36702055666011568213,1740,1740,0.06657314300537109375,0,0
0.00024677026367793235013,0.52345493183056845954,0.10590191248100391808,0.36621262922587233257,2.9906917086396043182,0.1830492783019936065,0.38043133811822760215,0.36700405377055916878,1741,1741,0.066744275391101837158,0,0
0.00024677308049943029976,0.52342404881360038438,0.10590583165244968344,0.36621367427803530603,2.9909339876398370883,0.18305319700316269316,0.38043133781282584271,0.36698790562899541445,1742,1742,0.06691541522741317749,0,0
0.00024677583668870889779,0.52339383450652288143,0.10590966601882213782,0.36621469682673996049,2.9911710621779863395,0.18305703090939762223,0.38043133752033991835,0.36697210476702113446,1743,1743,0.067086555063724517822,0,0
0.00024677853352580845408,0.52336427462088985774,0.10591341738969861641,0.36621569734744197078,2.991403041673179164,0.18306078183005858318,0.38043133724021593878,0.36695664386672338653,1744,1744,0.067257694900035858154,0,0
0.00024678117226481597214,0.52333535516544860133,0.10591708753713258151,0.36621667630594084697,2.9916300333456966598,0.18306445153699130168,0.38043133697195485876,0.36694151575794820008,1745,1745,0.067428834736347198486,0,0
0.00024678375413434593859,0.52330706244022417994,0.10592067819638213699,0.36621763415855951296,2.9918521422567456725,0.18306804176524529848,0.38043133671504159032,0.36692671341559163212,1746,1746,0.067599974572658538818,0,0
0.00024678628033801390269,0.52327938303087717653,0.10592419106663197859,0.36621857135232110947,2.9920694713478392934,0.18307155421380594262,0.38043133646901938771,0.36691222995692962527,1747,1747,0.06777111440896987915,0,0
0.00024678875205490268321,0.52325230380297127475,0.10592762781169930142,0.36621948832512329908,2.992282121479538759,0.18307499054629031154,0.38043133623341357508,0.36689805863898578009,1748,1748,0.067942254245281219482,0,0
0.00024679117044002234129,0.52322581189653583067,0.10593099006073025681,0.36622038550590962913,2.9924901914696624416,0.18307835239165351493,0.38043133600780371095,0.36688419285594481289,1749,1749,0.068113394081592559814,0,0
0.00024679353662476288898,0.5231998947205384054,0.10593427940888024141,0.36622126331483884076,2.9926937781310374298,0.1830816413448586033,0.38043133579175708592,0.36687062613657933641,1750,1750,0.068284533917903900146,0,0
0.00024679585171734043847,0.52317453994759399727,0.10593749741799307618,0.36622212216345134683,2.9928929763086546956,0.18308485896756629407,0.38043133558488123613,0.3668573521417582417,1751,1751,0.068455673754215240479,0,0
0.00024679811680323641239,0.52314973550869070529,0.10594064561724975126,0.36622296245483276778,2.9930878789162713716,0.18308800678877329426,0.38043133538678369776,0.36684436466193010018,1752,1752,0.068626806139945983887,0,0
0.00024680033294562965258,0.52312546958804195807,0.10594372550382903653,0.36622378458377574661,2.9932785769725303027,0.18309108630548265317,0.3804313351971030932,0.36683165761471786537,1753,1753,0.068797945976257324219,0,0
0.00024680250118582256575,0.52310173061800391281,0.10594673854353305054,0.36622458893693826676,2.9934651596365244863,0.18309409898331943656,0.38043133501547576891,0.36681922504247144179,1754,1754,0.068969085812568664551,0,0
0.00024680462254365951712,0.52307850727411697722,0.10594968617142531964,0.36622537589300024896,2.9936477142428357112,0.18309704625717918014,0.38043133484157037882,0.36680706110993915869,1755,1755,0.069140225648880004883,0,0
0.00024680669801793964037,0.52305578847022038413,0.10595256979242979878,0.3662261458228172617,2.993826326335951471,0.18309992953181553066,0.3804313346750541891,0.36679516010189017194,1756,1756,0.069311365485191345215,0,0
0.0002468087285868221124,0.52303356335364270535,0.10595539078195267968,0.36622689908957145599,2.9940010797044025459,0.18310275018247401668,0.38043133451562688441,0.36678351642085932349,1757,1757,0.069482505321502685547,0,0
0.00024681071520822546505,0.52301182130048917696,0.10595815048645823575,0.36622763604892077938,2.9941720564139706617,0.18310550955545526475,0.3804313343629731059,0.366772124584857806,1758,1758,0.069653645157814025879,0,0
0.00024681265882021990359,0.5229905519110459311,0.10596085022406483145,0.36622835704914508126,2.9943393368408814936,0.1831082089687237624,0.38043133421682423512,0.36676097922516281979,1759,1759,0.069824784994125366211,0,0
0.00024681456034141382484,0.52296974500519599616,0.10596349128510515469,0.36622906243129010884,2.9945029997039394054,0.18311084971245542019,0.38043133407688844994,0.36675007508412305057,1760,1760,0.069995924830436706543,0,0
0.00024681642067133285423,0.5229493906180205931,0.10596607493269605271,0.36622975252930883849,2.9946631220966088982,0.1831134330496191065,0.38043133394291966942,0.36673940701301122047,1761,1761,0.070167064666748046875,0,0
0.00024681824069079378713,0.52292947899535680012,0.10596860240328379033,0.36623042767020080879,2.9948197795182762704,0.18311596021651135868,0.38043133381464949716,0.36672896996990128615,1762,1762,0.070338204503059387207,0,0
0.00024682002126227121181,0.52291000058958336805,0.10597107490718768452,0.36623108817414873339,2.9949730459051240317,0.18311843242330910764,0.38043133369184983783,0.3667187590175940981,1763,1763,0.070509336888790130615,0,0
0.00024682176323025822352,0.52289094605533459337,0.10597349362912934778,0.36623173435465278258,2.995122993660551014,0.18312085085459098299,0.38043133357427877383,0.36670876932155643813,1764,1764,0.070680476725101470947,0,0
0.00024682346742162139227,0.52287230624544134283,0.10597585972875347982,0.36623236651866303282,2.9952696936848774989,0.18312321666986486335,0.38043133346172508524,0.36669899614792672571,1765,1765,0.070851616561412811279,0,0
0.00024682513464594895434,0.52285407220679491758,0.10597817434114106816,0.36623298496670886326,2.9954132154048931369,0.1831255310040747486,0.38043133335396411843,0.36668943486151828193,1766,1766,0.071022756397724151611,0,0
0.00024682676569589314915,0.52283623517646116152,0.10598043857730722606,0.36623358999302668693,2.995553626802516245,0.18312779496810457913,0.38043133325080452645,0.3666800809238871528,1767,1767,0.071193896234035491943,0,0
0.00024682836134750697245,0.52281878657768754426,0.10598265352469694867,0.36623418188568529485,2.9956909944433429693,0.183130009649268094,0.38043133315204064049,0.36667092989141086834,1768,1768,0.071365036070346832275,0,0
0.00024682992236057453269,0.52280171801615271665,0.10598482024766583964,0.3662347609267087023,2.9958253835043926472,0.18313217611179516409,0.3804313330574949914,0.36666197741342021477,1769,1769,0.071536175906658172607,0,0
0.00024683144947893587802,0.52278502127613779571,0.10598693978795577231,0.36623532739219744059,2.9959568578016586571,0.18313429539730205486,0.38043133296697717594,0.3666532192303434412,1770,1770,0.071707315742969512939,0,0
0.0002468329434308056433,0.52276868831694034423,0.10598901316515392523,0.36623588155244668485,2.9960854798168274904,0.18313636852525519427,0.380431332880329931,0.36664465117189948273,1771,1771,0.071878455579280853271,0,0
0.00024683440492908665558,0.52275271126913780417,0.1059910413771582155,0.36623642367206354908,2.996211310724054222,0.18313839649343210958,0.38043133279737562091,0.36663626915531244421,1772,1772,0.072049595415592193604,0,0
0.0002468358346716772512,0.52273708243116379091,0.10599302540061580902,0.36623695401008099504,2.9963344104156806047,0.18314038027836462841,0.38043133271796791828,0.36662806918356716235,1773,1773,0.072220735251903533936,0,0
0.00024683723334177360559,0.52272179426574749694,0.10599496619136503095,0.36623747282007063086,2.9964548375279163039,0.18314232083577516863,0.38043133264194395338,0.36662004734368597303,1774,1774,0.072391875088214874268,0,0
0.00024683860160816588304,0.52270683939657469619,0.10599686468486574364,0.36623798035025273423,2.9965726494659703505,0.18314421910101352786,0.38043133256917532892,0.36661219980503784166,1775,1775,0.072563007473945617676,0,0
0.00024683994012552977872,0.52269221060486470432,0.10599872179662218896,0.36623847684360505417,2.9966879024285999478,0.18314607598947291178,0.38043133249950367158,0.36660452281769656535,1776,1776,0.072734147310256958008,0,0
0.00024684124953471215172,0.522677900826215458,0.10600053842259010706,0.36623896253796872635,2.9968006514323701772,0.18314789239700332568,0.38043133243281967992,0.36659701271078493079,1777,1777,0.07290528714656829834,0,0
0.00024684253046301156236,0.52266390314724042732,0.10600231543959362512,0.36623943766615274509,2.9969109503354340873,0.18314966920032269004,0.38043133236897302973,0.36658966589091551702,1778,1778,0.073076426982879638672,0,0
0.00024684378352445382216,0.52265021080258800001,0.10600405370570928354,0.36623990245603671445,2.9970188518608011918,0.18315140725740625127,0.38043133230786435606,0.36658247884058359212,1779,1779,0.073247566819190979004,0,0
0.0002468450093200618518,0.52263681717168464225,0.10600575406066953255,0.36624035713067087938,2.9971244076193732653,0.18315310740788431909,0.38043133224935365977,0.36657544811666070705,1780,1780,0.073418706655502319336,0,0
0.00024684620843812125641,0.52262371577588151439,0.10600741732623249203,0.3662408019083752686,2.9972276681323268832,0.18315477047341879868,0.38043133219335462103,0.36656857034885448332,1781,1781,0.073589846491813659668,0,0
0.00024684738145444047987,0.52261090027532319802,0.10600904430656665767,0.36624123700283606198,2.9973286828532779147,0.18315639725807966731,0.38043133213973684414,0.3665618422382505015,1782,1782,0.073760986328125,0,0
0.00024684852893260591762,0.52259836446619922778,0.10601063578861032177,0.36624166262320084764,2.9974275001898895709,0.18315798854871337409,0.38043133208842244697,0.36655526055583792511,1783,1783,0.073932126164436340332,0,0
0.00024684965142423269261,0.52258610227773694135,0.10601219254243932077,0.36624207897417165869,2.9975241675252228823,0.18315954511530138649,0.38043133203928874986,0.36654882214109907324,1784,1784,0.074103266000747680664,0,0
0.00024685074946921038968,0.52257410776957124998,0.10601371532161113498,0.36624248625609640007,2.9976187312385125239,0.18316106771131285269,0.38043133199226319974,0.36654252390059033351,1785,1785,0.074274405837059020996,0,0
0.00024685182359594396535,0.5225623751288583918,0.10601520486351906358,0.36624288466505849904,2.9977112367257854331,0.18316255707405090791,0.38043133194723754986,0.36653636280658002944,1786,1786,0.074445538222789764404,0,0
0.0002468528743215903749,0.52255089866772130858,0.10601666188972577731,0.36624327439296472386,2.9978017284198497094,0.18316401392499381817,0.38043133190414213374,0.36653033589569494755,1787,1787,0.074616678059101104736,0,0
0.00024685390215229059165,0.52253967282052737886,0.10601808710629651022,0.36624365562763178117,2.9978902498100659102,0.18316543897012013686,0.38043133186288186076,0.36652444026759489759,1788,1788,0.074787817895412445068,0,0
0.00024685490758339680151,0.52252869214138231158,0.10601948120412704735,0.36624402855287035985,2.9979768434617035666,0.18316683290024496356,0.38043133182339072818,0.36651867308368285547,1789,1789,0.0749589577317237854,0,0
0.0002468558910996960197,0.52251795130153277924,0.10602084485926166479,0.36624439334856850881,2.9980615510349575281,0.18316819639132966846,0.38043133178557653196,0.36651303156582382137,1790,1790,0.075130097568035125732,0,0
0.00024685685317562839486,0.52250744508700397439,0.10602217873320188279,0.36624475019077273874,2.9981444133034540478,0.18316953010479841701,0.38043133174938675856,0.36650751299509742864,1791,1791,0.075301237404346466064,0,0
0.00024685779427550198946,0.52249716839604254393,0.10602348347321995103,0.36624509925176795821,2.9982254701726747115,0.18317083468784384204,0.38043133171473253462,0.36650211471057886348,1792,1792,0.075472377240657806396,0,0
0.00024685871485370311507,0.5224871162368800448,0.10602475971265229449,0.3662454407001553558,2.9983047606977319965,0.1831721107737285803,0.38043133168156673118,0.36649683410813188589,1793,1793,0.075643517076969146729,0,0
0.000246859615354902656,0.52247728372527602048,0.10602600807119967607,0.36624577470092961606,2.9983823231010746646,0.18317335898207728895,0.38043133164980658112,0.36649166863923610116,1794,1794,0.075814656913280487061,0,0
0.0002468604962142581646,0.52246766608237904528,0.10602722915520768066,0.36624610141555330456,2.9984581947895501131,0.18317457991916438753,0.38043133161941061759,0.3664866158098264437,1795,1795,0.075985796749591827393,0,0
0.00024686135785761221606,0.52245825863235184627,0.10602842355795843998,0.36624642100203130823,2.9985324123714929279,0.18317577417819946861,0.38043133159030168011,0.36648167317917074159,1796,1796,0.076156936585903167725,0,0
0.00024686220070168669741,0.52244905680032893702,0.10602959185993729441,0.36624673361498255586,2.9986050116731219894,0.18317694233959966321,0.38043133156244285376,0.36647683835874622638,1797,1797,0.076328068971633911133,0,0
0.00024686302515427346448,0.52244005611013477619,0.10603073462911383196,0.3662470394057110723,2.9986760277549731057,0.18317808497126522593,0.38043133153576486061,0.36647210901116422654,1798,1798,0.076499208807945251465,0,0
0.0002468638316144208247,0.52243125218232344675,0.10603185242119700371,0.36624733852227514541,2.9987454949275798022,0.18317920262883960469,0.38043133151023017513,0.36646748284909780313,1799,1799,0.076670348644256591797,0,0
0.00024686462047261682144,0.5224226407319942922,0.10603294577990526881,0.36624763110955560474,2.9988134467673925876,0.18318029585597495057,0.38043133148577640279,0.36646295763423475389,1800,1800,0.076841488480567932129,0,0
0.00024686539211096850685,0.52241421756690842315,0.10603401523721084354,0.36624791730932226841,2.9988799161317531983,0.18318136518458061346,0.38043133146236896014,0.36645853117625709627,1801,1801,0.077012628316879272461,0,0
0.00024686614690337785371,0.52240597858539572496,0.1060350613135997988,0.36624819726029939071,2.9989449351742787364,0.18318241113507968687,0.38043133143995477852,0.36645420133182798894,1802,1802,0.077183768153190612793,0,0
0.00024686688521571403506,0.52239791977454086425,0.10603608451830467962,0.36624847109822966651,2.999008535359133365,0.18318343421664365356,0.38043133141849760914,0.36644996600362006456,1803,1803,0.077354907989501953125,0,0
0.00024686760740598212615,0.52239003720816767906,0.10603708534955932907,0.36624873895593679229,2.999070747475983012,0.18318443492744698742,0.38043133139794821362,0.36644582313933887763,1804,1804,0.077526047825813293457,0,0
0.0002468683138244889331,0.52238232704514153681,0.10603806429481206497,0.36624900096338725008,2.9991316016534987909,0.18318541375487898404,0.38043133137827794821,0.36644177073078076923,1805,1805,0.077697187662124633789,0,0
0.00024686900481400475592,0.52237478552738436655,0.10603902183097936585,0.36624925724775025948,2.9991911273738676158,0.18318637117579916751,0.38043133135943768552,0.36643780681290955004,1806,1806,0.077868327498435974121,0,0
0.00024686968070992244091,0.52236740897826394736,0.10603995842464891686,0.36624950793345689704,2.9992493534857929127,0.18318730765673946204,0.3804313313414026676,0.36643392946294295331,1807,1807,0.078039467334747314453,0,0
0.00024687034184041323475,0.52236019380071585516,0.10604087453231593463,0.36624975314225799439,2.9993063082182369605,0.18318822365413967024,0.3804313313241269312,0.36643013679946517813,1808,1808,0.078210599720478057861,0,0
0.00024687098852657895229,0.52235313647566561368,0.10604177060058651849,0.36624999299328075963,2.9993620191931005259,0.1831891196145530587,0.38043133130758893801,0.36642642698155702963,1809,1809,0.078381739556789398193,0,0
0.00024687162108260154222,0.52234623356024012519,0.10604264706640004201,0.36625022760308406644,2.9994165134383923288,0.18318999597486587683,0.38043133129174855345,0.36642279820793149936,1810,1810,0.078552879393100738525,0,0
0.0002468722398158897254,0.5223394816862607648,0.10604350435722395551,0.36625045708571318803,2.9994698174002536462,0.18319085316249494877,0.38043133127658446124,0.36641924871611625258,1811,1811,0.078724019229412078857,0,0
0.00024687284502722194697,0.52233287755850921208,0.10604434289126941915,0.36625068155275269932,2.9995219569557791672,0.18319169159560030891,0.38043133126205447292,0.36641577678161135756,1812,1812,0.078895159065723419189,0,0
0.00024687343701088726835,0.52232641795331113954,0.10604516307767580807,0.36625090111337904597,2.9995729574245211246,0.18319251168327344015,0.38043133124814582091,0.36641238071710130475,1813,1813,0.079066298902034759521,0,0
0.0002468740160548226815,0.5223200997168597759,0.10604596531671674209,0.36625111587441122607,2.9996228435806857604,0.18319331382573858513,0.38043133123481825963,0.36640905887165731158,1814,1814,0.079237438738346099854,0,0
0.00024687458244074830891,0.52231391976384988762,0.10604674999997995566,0.36625132594036119427,2.9996716396643012814,0.18319409841453762611,0.38043133122205996521,0.36640580962997654213,1815,1815,0.079408578574657440186,0,0
0.00024687513644429902576,0.52230787507587728147,0.10604751751056408493,0.36625153141348271157,2.999719369392904067,0.18319486583272240332,0.38043133120983457784,0.36640263141161621974,1816,1816,0.079579718410968780518,0,0
0.00024687567833515407624,0.52230196270013207194,0.10604826822324854574,0.36625173239381936252,2.9997660559721839313,0.18319561645502771552,0.38043133119812738707,0.36639952267026393296,1817,1817,0.07975085824728012085,0,0
0.00024687620837716360003,0.5222961797478749002,0.10604900250468392298,0.36625192897925179514,2.999811722107252443,0.18319635064805980806,0.38043133118690986016,0.36639648189300239034,1818,1818,0.079921998083591461182,0,0
0.00024687672682847288178,0.52229052339315440445,0.10604972071355639462,0.36625212126554357317,2.9998563900128996096,0.18319706877046204596,0.38043133117616634298,0.36639350759960920279,1819,1819,0.080093137919902801514,0,0
0.00024687723394164356495,0.52228499087137247869,0.10605042320076837892,0.36625230934638641767,2.9999000814243461654,0.18319777117309471448,0.38043133116587135589,0.36639059834185305764,1820,1820,0.080264270305633544922,0,0
0.00024687772996377307672,0.5222795794780604739,0.10605111030959366025,0.36625249331344428283,2.9999428176070379592,0.18319845819919017282,0.38043133115601279748,0.36638775270281881413,1821,1821,0.080435410141944885254,0,0
0.00024687821513661080018,0.52227428656746321955,0.10605178237585773104,0.36625267325639676574,2.9999846193670958172,0.18319913018453382048,0.38043133114656135785,0.36638496929624114751,1822,1822,0.080606549978256225586,0,0
0.00024687868969667229506,0.52226910955142380466,0.10605243972807798514,0.36625284926298140586,3.000025507060594343,0.18319978745760340244,0.38043133113751143037,0.36638224676584196793,1823,1823,0.080777689814567565918,0,0
0.00024687915387535124163,0.52226404589798081091,0.10605308268764235269,0.36625302141903515185,3.0000655006036489603,0.18320043033974831026,0.38043133112883353864,0.36637958378470375509,1824,1824,0.08094882965087890625,0,0
0.00024687960789902878246,0.52225909313032170544,0.10605371156894156937,0.36625318980853505124,3.0001046194812839296,0.18320105914532136548,0.3804313311205235193,0.36637697905463095793,1825,1825,0.081119969487190246582,0,0
0.00024688005198918053316,0.52225424882543280969,0.10605432667954087234,0.36625335451363799644,3.0001428827571201552,0.18320167418185112629,0.38043133111255406087,0.36637443130554908644,1826,1826,0.081291109323501586914,0,0
0.00024688048636248185845,0.52224951061308944045,0.10605492832030691264,0.36625351561471969353,3.0001803090819079145,0.18320227575016781452,0.3804313311049193902,0.3663719392948898701,1827,1827,0.081462249159812927246,0,0
0.00024688091123091027504,0.52224487617459469657,0.10605551678556909834,0.36625367319041296499,3.0002169167027181729,0.18320286414456574131,0.38043133109759963428,0.36636950180701577384,1828,1828,0.081633388996124267578,0,0
0.00024688132680184633663,0.52224034324175383492,0.10605609236324772815,0.36625382731764477562,3.0002527234712821347,0.18320343965293012234,0.38043133109058346886,0.36636711765263407781,1829,1829,0.08180452883243560791,0,0
0.00024688173327817197105,0.52223590959572285808,0.10605665533500305275,0.36625397807167303643,3.0002877468526851779,0.18320400255688834568,0.38043133108385779328,0.36636478566824104419,1830,1830,0.081975668668746948242,0,0
0.00024688213085836708269,0.52223157306600254124,0.1060572059763577879,0.36625412552612235384,3.0003220039333493574,0.18320455313192865465,0.38043133107741078369,0.36636250471556053299,1831,1831,0.08214680105447769165,0,0
0.00024688251973660382387,0.52222733152931333223,0.10605774455684677249,0.3662542697530191127,3.0003555114295203943,0.18320509164755507947,0.38043133107122806269,0.36636027368101614643,1832,1832,0.082317940890789031982,0,0
0.0002468829001028391857,0.52222318290868574575,0.10605827134012357771,0.36625441082282572669,3.0003882856946835211,0.18320561836738763484,0.38043133106530069298,0.36635809147518566542,1833,1833,0.082489080727100372314,0,0
0.00024688327214290536633,0.52221912517232704776,0.1060587865841142452,0.36625454880447433359,3.0004203427279603211,0.1832061335493233023,0.38043133105961624008,0.36635595703229850706,1834,1834,0.082660220563411712646,0,0
0.00024688363603859856711,0.52221515633277182378,0.10605929054111469523,0.36625468376539949134,3.0004516981810374077,0.1832066374456259028,0.38043133105416149231,0.36635386930971858277,1835,1835,0.082831360399723052979,0,0
0.00024688399196776567458,0.52221127444582438049,0.10605978345793438955,0.36625481577157065205,3.0004823673662648353,0.18320713030307678171,0.38043133104893206431,0.36635182728744447589,1836,1836,0.083002500236034393311,0,0
0.00024688434010438899081,0.52220747760969521423,0.10606026557599752824,0.36625494488752347033,3.0005123652633276521,0.18320761236306987163,0.38043133104391435584,0.36634982996763709728,1837,1837,0.083173640072345733643,0,0
0.00024688468061866977125,0.52220376396401912977,0.10606073713147431969,0.36625507117639072296,3.0005417065269415211,0.18320808386174791682,0.38043133103910137249,0.36634787637412685735,1838,1838,0.083344779908657073975,0,0
0.00024688501367710921457,0.52220013168901957545,0.10606119835538177498,0.3662551946999325625,3.000570405493324877,0.18320854503009942338,0.38043133103448179,0.3663459655519651359,1839,1839,0.083515919744968414307,0,0
0.00024688533944258836839,0.52219657900456839528,0.10606164947370697038,0.36625531551856610468,3.0005984761875579281,0.18320899609408486386,0.38043133103004878048,0.36634409656694538748,1840,1840,0.083687059581279754639,0,0
0.00024688565807444602922,0.52219310416940001307,0.10606209070750388657,0.36625543369139418326,3.000625932329723522,0.18320943727473146256,0.38043133102579729243,0.36634226850518186724,1841,1841,0.083858199417591094971,0,0
0.00024688596972855512447,0.52218970548016907518,0.10606252227301379842,0.36625554927623388268,3.0006527873420316688,0.1832098687882542376,0.38043133102171083904,0.36634048047265016512,1842,1842,0.084029331803321838379,0,0
0.00024688627455739730557,0.52218638127075933664,0.10606294438175434269,0.36625566232964418267,3.0006790543546619787,0.18321029084614592897,0.38043133101779408323,0.36633873159477586823,1843,1843,0.084200471639633178711,0,0
0.00024688657271013640269,0.52218312991132198597,0.10606335724063847836,0.36625577290695315869,3.0007047462126266169,0.183210703655293905,0.38043133101402576424,0.36633702101600257306,1844,1844,0.084371611475944519043,0,0
0.00024688686433268960257,0.52217994980766013757,0.10606376105205653215,0.36625588106228451624,3.0007298754813227504,0.18321110741806506672,0.38043133101041542998,0.36633534789939231624,1845,1845,0.084542751312255859375,0,0
0.00024688714956779775908,0.52217683940027337375,0.10606415601399232784,0.36625598684858351461,3.0007544544531263853,0.18321150233241820238,0.38043133100693771187,0.36633371142621690142,1846,1846,0.084713891148567199707,0,0
0.00024688742855509402318,0.52217379716379197507,0.1060645423201017068,0.36625609031764255752,3.0007784951527951556,0.18321188859198753174,0.38043133100360915222,0.36633211079556532441,1847,1847,0.084885030984878540039,0,0
0.00024688770143117084663,0.52217082160604622043,0.10606492015982173227,0.36625619152012600654,3.0008020093436105213,0.1832122663861852907,0.38043133100039927541,0.36633054522396607533,1848,1848,0.085056170821189880371,0,0
0.00024688796832964557621,0.52216791126753292485,0.1060652897184491128,0.36625629050559455058,3.0008250085327152767,0.18321263590028813439,0.38043133099732584501,0.36632901394500305692,1849,1849,0.085227310657501220703,0,0
0.00024688822938122523482,0.52216506472052226506,0.10606565117724162106,0.36625638732252935315,3.0008475039769262338,0.18321299731552978529,0.38043133099435849642,0.36632751620895148692,1850,1850,0.085398450493812561035,0,0
0.00024688848471376886309,0.52216228056856095474,0.10606600471349326986,0.36625648201835481199,3.0008695066878412483,0.18321335080918504934,0.38043133099151915655,0.36632605128241080283,1851,1851,0.085569590330123901367,0,0
0.00024688873445234942733,0.52215955744558806284,0.10606635050063463466,0.36625657463946204029,3.0008910274374569482,0.18321369655466160364,0.38043133098877829346,0.36632461844796171402,1852,1852,0.085740730166435241699,0,0
0.00024688897871931415537,0.52215689401546827586,0.10606668870830371354,0.36625666523123079354,3.0009120767630155235,0.18321403472157923864,0.38043133098615228294,0.36632321700381537122,1853,1853,0.085911870002746582031,0,0
0.00024688921763434340875,0.52215428897117355245,0.10606701950243777044,0.36625675383805178509,3.0009326649723684355,0.18321436547585293053,0.3804313309836158119,0.36632184626347313872,1854,1854,0.086083002388477325439,0,0
0.00024688945131450825386,0.52215174103429906616,0.10606734304534727598,0.36625684050334750275,3.000952802148717069,0.18321468897977594148,0.3804313309811855337,0.36632050555539924508,1855,1855,0.086254142224788665771,0,0
0.00024688967987432749096,0.52214924895429870588,0.10606765949579996522,0.3662569252695938582,3.00097249815563627,0.18321500539209456537,0.38043133097883546911,0.36631919422269548781,1856,1856,0.086425282061100006104,0,0
0.00024688990342582229796,0.52214681150802566556,0.10606796900909251646,0.36625700817834017098,3.0009917626416777736,0.18321531486808931288,0.3804313309765858242,0.36631791162278365404,1857,1857,0.086596421897411346436,0,0
0.00024689012207857098267,0.52214442749897571616,0.10606827173713262447,0.36625708927022954109,3.0010106050451779147,0.1832156175596469927,0.38043133097440634538,0.36631665712709937655,1858,1858,0.086767561733722686768,0,0
0.00024689033593976134973,0.52214209575688730336,0.10606856782850374032,0.36625716858501844442,3.0010290345986074811,0.18321591361533565157,0.38043133097231984774,0.36631543012078193744,1859,1859,0.0869387015700340271,0,0
0.00024689054511424290495,0.52213981513697993453,0.10606885742854856025,0.36625724616159582858,3.0010470603333163631,0.18321620318047829312,0.38043133097030029655,0.36631423000238100274,1860,1860,0.087109841406345367432,0,0
0.00024689074970457743335,0.52213758451958036666,0.10606914067942807556,0.36625732203800209774,3.0010646910835125922,0.18321648639722060148,0.38043133096836106999,0.3663130561835725163,1861,1861,0.087280981242656707764,0,0
0.00024689094981108881824,0.52213540280941073135,0.10606941772020235526,0.3662573962514475423,3.0010819354910083234,0.18321676340460471555,0.38043133096648495961,0.36631190808885583099,1862,1862,0.087452121078968048096,0,0
0.00024689114553191117982,0.52213326893522404859,0.10606968868688396168,0.36625746883833004697,3.0010988020088111838,0.18321703433862768229,0.38043133096468351173,0.3663107851552974692,1863,1863,0.087623260915279388428,0,0
0.00024689133696303685109,0.52213118184910967123,0.10606995371252056493,0.36625753983425318738,3.0011152989058227369,0.18321729933232025478,0.38043133096293996198,0.36630968683224135463,1864,1864,0.08779440075159072876,0,0
0.00024689152419836256488,0.52212914052613257354,0.1060702129272462213,0.36625760927404305001,3.0011314342703379054,0.18321755851580204255,0.38043133096126230397,0.36630861258105601452,1865,1865,0.087965533137321472168,0,0
0.0002468917073297352072,0.52212714396373249848,0.10607046645835073451,0.36625767719176549608,3.0011472160142540488,0.18321781201634598779,0.3804313309596381032,0.36630756187485885578,1866,1866,0.0881366729736328125,0,0
0.00024689188644699605266,0.52212519118130396034,0.106070714430341273,0.36625774362074237089,3.0011626518767702265,0.1832180599584458669,0.3804313309580760194,0.36630653419827541306,1867,1867,0.088307812809944152832,0,0
0.00024689206163802467466,0.5221232812196483497,0.10607095696500358495,0.36625780859356782404,3.0011777494282361189,0.18321830246387149632,0.38043133095656211928,0.36630552904717905705,1868,1868,0.088478952646255493164,0,0
0.00024689223298878117509,0.52212141314059490327,0.1060711941814568432,0.36625787214212407461,3.0011925160736327989,0.18321853965172860135,0.38043133095510422992,0.36630454592845396178,1869,1869,0.088650092482566833496,0,0
0.00024689240058334830557,0.52211958602644259475,0.10607142619621992563,0.36625793429759689879,3.001206959056433643,0.18321877163852157144,0.3804313309536908605,0.3663035843597512442,1870,1870,0.088821232318878173828,0,0
0.00024689256450397201658,0.52211779897961962948,0.10607165312325664286,0.36625799509049083991,3.0012210854617822342,0.18321899853820039494,0.38043133095232734009,0.36630264386925531772,1871,1871,0.08899237215518951416,0,0
0.0002468927248311014646,0.52211605112213566038,0.10607187507404637616,0.3662580545506438634,3.0012349022203506088,0.1832192204622318521,0.38043133095100900576,0.36630172399545585238,1872,1872,0.089163511991500854492,0,0
0.00024689288164342809749,0.52211434159525604848,0.10607209215762104793,0.36625811270724206725,3.0012484161111494529,0.18321943751963346014,0.3804313309497303619,0.36630082428693061525,1873,1873,0.089334651827812194824,0,0
0.00024689303501792387273,0.52211266955900104136,0.10607230448063550976,0.36625816958883372632,3.0012616337654662857,0.18321964981704882969,0.38043133094849707065,0.36629994430210677248,1874,1874,0.089505791664123535156,0,0
0.00024689318502987877071,0.52211103419179993868,0.10607251214740288925,0.3662582252233431146,3.0012745616694016526,0.18321985745877666929,0.38043133094729963961,0.36629908360907198484,1875,1875,0.089676931500434875488,0,0
0.00024689333175293722402,0.52210943469002624173,0.10607271525996338213,0.36625827963808427201,3.0012872061676922897,0.18322006054684680798,0.38043133094614162149,0.36629824178534420298,1876,1876,0.089848063886165618896,0,0
0.00024689347525913389603,0.52210787026768390451,0.10607291391811357606,0.36625833285977404952,3.0012995734661394032,0.18322025918104181685,0.38043133094501885294,0.36629741841767515798,1877,1877,0.090019203722476959229,0,0
0.00024689361561892913437,0.52210634015591961266,0.10607310821947969759,0.36625838491454543178,3.0013116696352888368,0.18322045345897858271,0.38043133094392955762,0.36629661310185313017,1878,1878,0.090190343558788299561,0,0
0.00024689375290124279802,0.52210484360278452964,0.10607329825953498714,0.36625843582795997166,3.0013235006126435245,0.18322064347611616286,0.38043133094287406859,0.36629582544249178477,1879,1879,0.090361483395099639893,0,0
0.00024689388717348792176,0.52210337987270449833,0.10607348413168089796,0.36625848562502028027,3.0013350722063649734,0.18322082932584732307,0.38043133094184911069,0.36629505505285792077,1880,1880,0.090532623231410980225,0,0
0.00024689401850160362173,0.52210194824628730625,0.10607366592725799015,0.3662585343301824059,3.0013463900972752185,0.18322101109949942566,0.38043133094085529455,0.3662943015546633041,1881,1881,0.090703763067722320557,0,0
0.00024689414695008724205,0.52210054801981176098,0.10607384373562275814,0.36625858196736743588,3.0013574598423669038,0.18322118888642000001,0.38043133093988645843,0.36629356457790118728,1882,1882,0.090874902904033660889,0,0
0.00024689427258202547135,0.52209917850504683479,0.10607401764416064804,0.36625862855997332046,3.0013682868768487566,0.18322136277398248794,0.38043133093895120656,0.36629284376064019657,1883,1883,0.091046042740345001221,0,0
0.00024689439545912551365,0.52209783902872730632,0.10607418773836088666,0.36625867413088641911,3.001378876517434513,0.18322153284766723447,0.38043133093803460643,0.36629213874888089109,1884,1884,0.091217182576656341553,0,0
0.00024689451564174484969,0.52209652893244040683,0.10607435410182355917,0.3662587187024923252,3.0013892339642387341,0.18322169919106304214,0.38043133093714942561,0.36629144919634754052,1885,1885,0.091388322412967681885,0,0
0.00024689463318892072722,0.5220952475720898045,0.10607451681633398022,0.36625876229668702377,3.0013993643039946768,0.18322186188594624667,0.38043133093628367369,0.36629077476435184524,1886,1886,0.091559462249279022217,0,0
0.00024689474815839900076,0.5220939943177616005,0.10607467596187494796,0.36625880493488749412,3.001409272511943005,0.18322202101228951543,0.38043133093544512224,0.36629011512160369879,1887,1887,0.091730594635009765625,0,0
0.0002468948606066622125,0.52209276855326969269,0.10607483161668732063,0.36625884663804214592,3.0014189634547392416,0.1832221766483244918,0.38043133093462422334,0.36628946994406486048,1888,1888,0.091901734471321105957,0,0
0.00024689497058895718516,0.52209156967598213672,0.10607498385729077772,0.36625888742664108877,3.0014284418923860009,0.18322232887056164041,0.38043133093382774934,0.36628883891478403179,1889,1889,0.092072874307632446289,0,0
0.0002468950781593219645,0.52209039709640292504,0.10607513275853709678,0.3662589273207259577,3.0014377124810018849,0.18322247775384353785,0.3804313309330454862,0.36628822172374264632,1890,1890,0.092244014143943786621,0,0
0.00024689518337061221957,0.52208925023801611154,0.1060752783936307897,0.36625896633990007167,3.0014467797746293698,0.18322262337136635546,0.38043133093228964636,0.36628761806770421261,1891,1891,0.092415153980255126953,0,0
0.00024689528627452699255,0.52208812853685426791,0.10607542083418193546,0.36625900450333753744,3.0014556482279179939,0.18322276579473101288,0.38043133093154496427,0.36628702765006920794,1892,1892,0.092586293816566467285,0,0
0.00024689538692163401487,0.52208703144138923768,0.10607556015022226448,0.36625904182979296397,3.0014643221977901355,0.18322290509396110814,0.38043133093082470708,0.36628645018072636397,1893,1893,0.092757433652877807617,0,0
0.00024689548536139415595,0.52208595841207527943,0.10607569641026159957,0.36625907833761039978,3.0014728059461592835,0.18322304133755795696,0.38043133093011166634,0.3662858853759156097,1894,1894,0.092928573489189147949,0,0
0.000246895581642185872,0.52208490892129388872,0.10607582968129630752,0.3662591140447323812,3.0014811036413830969,0.18322317459251041827,0.38043133092942571505,0.36628533295807919057,1895,1895,0.093099713325500488281,0,0
0.00024689567581132878735,0.52208388245287851159,0.10607596002886728048,0.36625914896870886972,3.0014892193608555537,0.18322330492435087712,0.38043133092874653611,0.36628479265574498402,1896,1896,0.093270853161811828613,0,0
0.00024689576791510662538,0.52208287850205314928,0.10607608751707060801,0.3662591831267054121,3.0014971570925426114,0.18322343239716815111,0.38043133092808528728,0.36628426420337556468,1897,1897,0.093441992998123168945,0,0
0.00024689585799878997676,0.52208189657504422421,0.10607621220860431743,0.36625921653551191115,3.0015049207373158957,0.18322355707365234334,0.38043133092743464108,0.3662837473412440259,1898,1898,0.093613132834434509277,0,0
0.00024689594610665836294,0.52208093618894468868,0.10607633416478740029,0.36625924921155073033,3.0015125141104834761,0.18322367901511518729,0.38043133092680081475,0.36628324181531296544,1899,1899,0.093784265220165252686,0,0
0.00024689603228202197443,0.52207999687136941169,0.10607645344560324985,0.36625928117088452085,3.0015199409441044587,0.18322379828153323444,0.38043133092617775759,0.36628274737710136977,1900,1900,0.093955405056476593018,0,0
0.00024689611656724259588,0.52207907816034926363,0.10607657010971145717,0.36625931242922443731,3.0015272048882035705,0.18322391493155840148,0.38043133092556880026,0.36628226378357614523,1901,1901,0.09412654489278793335,0,0
0.00024689619900375469382,0.52207817960396651902,0.10607668421449684137,0.36625934300193740967,3.0015343095132789308,0.18322402902256904045,0.38043133092496728143,0.36628179079701594922,1902,1902,0.094297684729099273682,0,0
0.000246896279632085366,0.52207730076027969446,0.10607679581607662445,0.36625937290405408131,3.0015412583113372236,0.18322414061067554547,0.38043133092438202736,0.36628132818490855005,1903,1903,0.094468824565410614014,0,0
0.00024689635849187429066,0.52207644119695717499,0.10607690496934793489,0.366259402150275859,3.0015480546981923027,0.18322424975076814779,0.38043133092380004845,0.36628087571983419801,1904,1904,0.094639964401721954346,0,0
0.00024689643562189297118,0.5220756004912158188,0.10607701172799613443,0.3662594307549820738,3.001554702014678,0.1832243564965261029,0.38043133092323555555,0.3662804331793461099,1905,1905,0.094811104238033294678,0,0
0.00024689651106006408905,0.52207477822946135593,0.10607711614453919913,0.36625945873223736404,3.0015612035286580728,0.18322446090046085043,0.38043133092267361617,0.36628000034587798739,1906,1906,0.09498224407434463501,0,0
0.00024689658484347955583,0.52207397400723443148,0.10607721827033556039,0.36625948609579822568,3.001567562436260328,0.18322456301392470168,0.38043133092212494395,0.36627957700662022722,1907,1907,0.095153383910655975342,0,0
0.00024689665700841905305,0.52207318742888242369,0.10607731815562572442,0.3662595128591197291,3.001573781863828394,0.18322466288715238969,0.38043133092158426534,0.36627916295342521913,1908,1908,0.095324523746967315674,0,0
0.00024689672759036754204,0.52207241810746707333,0.10607741584954286096,0.36625953903536251355,3.0015798648690319439,0.18322476056927072818,0.38043133092105324566,0.36627875798270798091,1909,1909,0.095495663583278656006,0,0
0.00024689679662403282798,0.52207166566448925948,0.10607751140014938518,0.36625956463739861579,3.0015858144427745025,0.18322485610833658121,0.38043133092052638933,0.36627836189533935496,1910,1910,0.095666795969009399414,0,0
0.00024689686414336236512,0.52207092972979796119,0.10607760485444728271,0.36625958967781840903,3.0015916335102876822,0.18322494955134610573,0.38043133092001291118,0.36627797449654825312,1911,1911,0.095837935805320739746,0,0
0.00024689693018156006182,0.52207020994128283675,0.10607769625841825811,0.36625961416893626499,3.0015973249329306327,0.18322504094427585764,0.38043133091949959956,0.3662775955958398888,1912,1912,0.096009075641632080078,0,0
0.00024689699477110232679,0.5220695059448628994,0.10607778565702302709,0.36625963812279677123,3.0016028915091292895,0.18322513033208040478,0.38043133091899966614,0.36627722500687887042,1913,1913,0.09618021547794342041,0,0
0.00024689705794375427792,0.52206881739411403753,0.10607787309425228961,0.36625966155118078182,3.0016083359763401361,0.183225217758746034,0.38043133091849912208,0.36627686254742530814,1914,1914,0.096351355314254760742,0,0
0.00024689711973058497529,0.52206814395030676224,0.10607795861311766772,0.36625968446561091296,3.0016136610117403194,0.18322530326727856642,0.38043133091801056844,0.36627650803921874001,1915,1915,0.096522495150566101074,0,0
0.00024689718016198281686,0.52206748528205437765,0.10607804225569972267,0.36625970687735748266,3.0016188692341279065,0.18322538689975378934,0.38043133091752445729,0.36627616130791224025,1916,1916,0.096693634986877441406,0,0
0.00024689723926767033783,0.52206684106529721578,0.10607812406314795495,0.36625972879744361776,3.0016239632046981534,0.18322546869731612396,0.3804313309170466173,0.36627582218297743966,1917,1917,0.096864774823188781738,0,0
0.00024689729707671900999,0.52206621098302685713,0.10607820407571706689,0.36625975023665119368,3.0016289454287732319,0.18322554870021556805,0.38043133091657210798,0.36627549049761815025,1918,1918,0.09703591465950012207,0,0
0.00024689735361756317373,0.52206559472523261789,0.10607828233277263874,0.36625977120552560828,3.0016338183565576259,0.18322562694781271975,0.38043133091610459307,0.36627516608869786774,1919,1919,0.097207054495811462402,0,0
0.00024689740891801413266,0.52206499198865730094,0.10607835887282351939,0.36625979171438133308,3.0016385843847936954,0.18322570347861213969,0.38043133091564157455,0.36627484879664945483,1920,1920,0.097378194332122802734,0,0
0.00024689746300527376033,0.52206440247672636357,0.10607843373352882077,0.36625981177330674265,3.001643245857503306,0.18322577833026787442,0.3804313309151823308,0.36627453846540841687,1921,1921,0.097549326717853546143,0,0
0.00024689751590594783597,0.52206382589933097993,0.10607850695172837963,0.36625983139216911066,3.0016478050675816647,0.18322585153961609694,0.38043133091472564056,0.36627423494232358436,1922,1922,0.097720466554164886475,0,0
0.00024689756764605910906,0.52206326197277908019,0.1060785785634451861,0.36625985058061949484,3.0016522642574083868,0.18322592314267463487,0.38043133091427755454,0.36627393807809061066,1923,1923,0.097891606390476226807,0,0
0.00024689761825105998455,0.52206271041952723166,0.10607864860392349216,0.36625986934809745543,3.0016566256205230445,0.18322599317468415969,0.38043133091383046773,0.3662736477266792523,1924,1924,0.098062746226787567139,0,0
0.00024689766774584515378,0.52206217096818019474,0.10607871710762525885,0.36625988770383566262,3.00166089130212832,0.18322606167010196954,0.38043133091338821039,0.36627336374525920615,1925,1925,0.098233886063098907471,0,0
0.00024689771615476362914,0.52206164335324711789,0.10607878410826367122,0.36625990565686444844,3.0016650634006385445,0.18322612866263743303,0.38043133091294750736,0.36627308599412700119,1926,1926,0.098405025899410247803,0,0
0.00024689776350163077871,0.52206112731509712876,0.10607884963880770401,0.36625992321601619217,3.0016691439683125253,0.18322619418525556978,0.38043133091251324363,0.36627281433664415911,1927,1927,0.098576165735721588135,0,0
0.00024689780980974003564,0.5220606225997479477,0.10607891373150891978,0.3662599403899297057,3.0016731350126000244,0.18322625827020411204,0.38043133091207842478,0.36627254863916564043,1928,1928,0.098747305572032928467,0,0
0.00024689785510187411965,0.52206012895884346126,0.10607897641790443866,0.36625995718705439685,3.0016770384967559337,0.1832263209490162803,0.3804313309116519326,0.36627228877097467441,1929,1929,0.098918445408344268799,0,0
0.0002468978994003165838,0.52205964614940592039,0.10607903772884831606,0.3662599736156545438,3.0016808563412245014,0.18322638225254228583,0.38043133091122238731,0.36627203460422230741,1930,1930,0.099089585244655609131,0,0
0.0002468979427268623854,0.52205917393385514735,0.10607909769450990511,0.36625998968381318077,3.0016845904241509224,0.18322644221094813721,0.38043133091080089114,0.36627178601385906864,1931,1931,0.099260725080966949463,0,0
0.0002468979851028287281,0.52205871207975074189,0.10607915634440484576,0.36626000539943620593,3.0016882425827255965,0.18322650085374558859,0.38043133091037539817,0.36627154287757801576,1932,1932,0.099431864917278289795,0,0
0.00024689802654906563284,0.52205826035982694222,0.10607921370739299693,0.36626002077025626713,3.0016918146136544188,0.18322655820979144581,0.38043133090996095191,0.36627130507575000884,1933,1933,0.099602997303009033203,0,0
0.0002468980670859660209,0.52205781855171229378,0.1060792698117116184,0.36626003580383642566,3.0016953082744968206,0.18322661430731923549,0.38043133090954062148,0.36627107249137486056,1934,1934,0.099774137139320373535,0,0
0.0002468981067334756886,0.52205738643800747578,0.1060793246849670024,0.36626005050757387549,3.0016987252840170441,0.18322666917393196084,0.38043133090912928385,0.36627084501000939376,1935,1935,0.099945276975631713867,0,0
0.00024689814551110322773,0.52205696380598987094,0.10607937835417191597,0.36626006488870377353,3.0017020673235910166,0.18322672283663929416,0.38043133090871478208,0.36627062251972541951,1936,1936,0.1001164168119430542,0,0
0.00024689818343792956654,0.5220565504476751828,0.10607943084573720482,0.36626007895430262584,3.0017053360374870152,0.18322677532184891702,0.38043133090830544285,0.36627040491104573272,1937,1937,0.10028755664825439453,0,0
0.00024689822053261729386,0.52205614615958761959,0.1060794821855009229,0.36626009271129172928,3.0017085330341299887,0.1832268266553956082,0.38043133090789532647,0.36627019207689098801,1938,1938,0.10045869648456573486,0,0
0.00024689825681341976641,0.52205575074276122649,0.10607953239872885964,0.36626010616644072426,3.0017116598864954646,0.18322687686254215955,0.38043133090749114977,0.36626998391253301479,1939,1939,0.1006298363208770752,0,0
0.00024689829229819021611,0.52205536400253982343,0.10607958151013942294,0.36626011932637064783,3.0017147181332752837,0.18322692596800405074,0.38043133090708475263,0.36626978031553830695,1940,1940,0.10080097615718841553,0,0
0.00024689832700439053211,0.52205498574858977268,0.10607962954390215415,0.36626013219755770844,3.0017177092792319826,0.18322697399594786716,0.38043133090668246332,0.3662695811857201722,1941,1941,0.10097211599349975586,0,0
0.00024689836094909944648,0.52205461579470291422,0.10607967652366279143,0.36626014478633572846,3.00172063479633211,0.18322702097001658528,0.38043133090627845316,0.36626938642508599653,1942,1942,0.10114325582981109619,0,0
0.00024689839414902153315,0.5220542539588119979,0.10607972247254096598,0.36626015709889991889,3.0017234961240566449,0.18322706691332690809,0.38043133090588154843,0.36626919593779239115,1943,1943,0.10131439566612243652,0,0
0.00024689842662049495993,0.52205390006276775061,0.10607976741315928992,0.36626016914130954394,3.0017262946705765003,0.18322711184849885258,0.38043133090547903707,0.36626900963010111667,1944,1944,0.10148552805185317993,0,0
0.00024689845837949962,0.52205355393241803519,0.10607981136763217078,0.36626018091949097411,3.0017290318129128401,0.18322715579764395355,0.38043133090508507443,0.36626882741032168456,1945,1945,0.10165666788816452026,0,0
0.00024689848944166504661,0.52205321539733018366,0.10607985435760272641,0.3662601924392406838,3.0017317088981974038,0.18322719878240315006,0.38043133090468428392,0.36626864918878437871,1946,1946,0.1018278077244758606,0,0
0.00024689851982227811094,0.52205288429091611935,0.1060798964042246606,0.36626020370622808242,3.0017343272437102542,0.18322724082392716216,0.38043133090429265275,0.36626847487777342005,1947,1947,0.10199894756078720093,0,0
0.00024689854953629039461,0.52205256045014103439,0.10607993752820130129,0.36626021472599817885,3.0017368881381325529,0.1832272819429170696,0.3804313309038951374,0.36626830439150859231,1948,1948,0.10217008739709854126,0,0
0.00024689857859832561654,0.52205224371563274666,0.10607997774977052929,0.36626022550397441258,3.001739392841646481,0.18322732215960815805,0.38043133090350411685,0.36626813764608096013,1949,1949,0.10234122723340988159,0,0
0.00024689860702268684282,0.52205193393143967118,0.10608001708873598945,0.36626023604546126267,3.0017418425870197041,0.18322736149380172699,0.38043133090310821132,0.3662679745594286107,1950,1950,0.10251236706972122192,0,0
0.00024689863482336347989,0.52205163094509876576,0.10608005556445833373,0.36626024635564696785,3.0017442385797825644,0.18322739996485609693,0.38043133090271713526,0.36626781505128408467,1951,1951,0.10268350690603256226,0,0
0.00024689866201403810496,0.52205133460743102791,0.1060800931958815474,0.36626025643960591349,3.0017465819992525944,0.18322743759171322697,0.38043133090232505999,0.36626765904314095845,1952,1952,0.10285464674234390259,0,0
0.00024689868860809329647,0.52205104477258679196,0.10608013000152602401,0.36626026630230118508,3.0017488739986277757,0.18322747439289088778,0.38043133090193687051,0.36626750645821803953,1953,1953,0.10302578657865524292,0,0
0.00024689871461861808517,0.52205076129784877548,0.10608016599951526626,0.36626027594858712177,3.0017511157061060878,0.18322751038651072242,0.38043133090154368503,0.36626735722141506857,1954,1954,0.10319692641496658325,0,0
0.00024689874005841445925,0.52205048404371234838,0.10608020120756411764,0.3662602853832114258,3.0017533082248379905,0.18322754559028517352,0.38043133090115716088,0.36626721125927780287,1955,1955,0.10336805880069732666,0,0
0.00024689876494000376119,0.522050212873641728,0.10608023564301088948,0.36626029461081793803,3.001755452634100152,0.1832275800215506234,0.38043133090076408642,0.36626706849996576443,1956,1956,0.10353919863700866699,0,0
0.00024689878927563254241,0.52204994765419421299,0.10608026932280097132,0.36626030363594835881,3.0017575499891799851,0.18322761369725037994,0.38043133090037978272,0.36626692887320955183,1957,1957,0.10371033847332000732,0,0
0.00024689881307727890589,0.52204968825475128735,0.10608030226352101189,0.36626031246304502353,3.0017596013225347207,0.18322764663396901019,0.38043133089998754093,0.36626679231028774764,1958,1958,0.10388147830963134766,0,0
0.00024689883635665808978,0.5220494345476633935,0.10608033448138100285,0.36626032109645262347,3.0017616076436786088,0.18322767884791468784,0.3804313308996040699,0.36626665874397812406,1959,1959,0.10405261814594268799,0,0
0.00024689885912522859315,0.52204918640797692841,0.10608036599224815455,0.3662603295404208148,3.0017635699402873684,0.18322771035495261094,0.38043133089921221668,0.36626652810854060105,1960,1960,0.10422375798225402832,0,0
0.00024689888139419743441,0.52204894371358101512,0.10608039681162939605,0.36626033779910577293,3.0017654891780809479,0.18322774117058812648,0.38043133089882830156,0.36626640033967050591,1961,1961,0.10439489781856536865,0,0
0.00024689890317452584329,0.52204870634495759152,0.10608042695470124017,0.36626034587657269048,3.0017673663018662467,0.18322777130999551298,0.38043133089844055617,0.36626627537447487004,1962,1962,0.10456603765487670898,0,0
0.00024689892447693479035,0.52204847418527455805,0.10608045643630027721,0.36626035377679755367,3.0017692022354793835,0.1832278007880098758,0.3804313308980554198,0.36626615315144617213,1963,1963,0.10473717749118804932,0,0
0.00024689894531190986586,0.52204824712020958533,0.10608048527094345037,0.36626036150366908517,3.0017709978827364914,0.18322782961914602096,0.38043133089766600907,0.36626603361041676354,1964,1964,0.10490831732749938965,0,0
0.00024689896568970680921,0.52204802503800573632,0.10608051347282337895,0.36626036906099079804,3.001772754127415066,0.18322785781759556856,0.38043133089728364826,0.36626591669254449091,1965,1965,0.10507945716381072998,0,0
0.00024689898562035638785,0.52204780782929227634,0.10608054105582720439,0.36626037645248271657,3.0017744718340866328,0.18322788539724293999,0.38043133089689346038,0.36626580234027661387,1966,1966,0.10525058954954147339,0,0
0.00024689900511366933041,0.52204759538716938305,0.10608056803353177466,0.36626038368178331917,3.0017761518482113381,0.18322791237166477507,0.38043133089651315348,0.36626569049732138339,1967,1967,0.10542172938585281372,0,0
0.00024689902417924115136,0.52204738760700564182,0.10608059441922165766,0.36626039075245120369,3.0017777949968369455,0.18322793875414236653,0.38043133089612263253,0.36626558110862489359,1968,1968,0.10559286922216415405,0,0
0.00024689904282645697576,0.52204718438654496016,0.1060806202258844505,0.36626039766796697483,3.0017794020887418327,0.18322796455766349188,0.38043133089574232564,0.36626547412033738649,1969,1969,0.10576400905847549438,0,0
0.00024689906106449593026,0.5220469856256932939,0.10608064546622825164,0.36626040443173479844,3.0017809739151020132,0.1832279897949328773,0.3804313308953513606,0.36626536947979237979,1970,1970,0.10593514889478683472,0,0
0.00024689907890233591357,0.52204679122664066071,0.10608067015267615141,0.36626041104708428886,3.001782511249577734,0.18322801447837394617,0.38043133089497216393,0.36626526713547691294,1971,1971,0.10610628873109817505,0,0
0.00024689909634875777068,0.522046601093621776,0.10608069429738681277,0.36626041751727189677,3.0017840148490608776,0.18322803862014219733,0.3804313308945802552,0.36626516703701134103,1972,1972,0.10627742856740951538,0,0
0.00024689911341234984645,0.52204641513308658318,0.10608071791224210623,0.36626042384548279651,3.0017854854535936937,0.18322806223211965393,0.38043133089420116955,0.36626506913511686081,1973,1973,0.10644856840372085571,0,0
0.00024689913010151199723,0.52204623325341548146,0.1060807410088742686,0.36626043003483210736,3.0017869237872707444,0.18322808532593556907,0.38043133089380903877,0.36626497338159846873,1974,1974,0.10661970824003219604,0,0
0.00024689914642445987339,0.52204605536511827779,0.10608076359865020732,0.36626043608836678089,3.0017883305580248532,0.18322810791295743305,0.38043133089342973108,0.36626487972931792703,1975,1975,0.10679084807634353638,0,0
0.0002468991623892288767,0.52204588138056196023,0.10608078569269480118,0.36626044200906676673,3.0017897064584815325,0.18322813000430629438,0.38043133089303793337,0.36626478813216900576,1976,1976,0.10696198791265487671,0,0
0.00024689917800367811767,0.52204571121413334556,0.10608080730188332308,0.3662604477998467889,3.0017910521658848211,0.18322815161085875824,0.38043133089265862568,0.36626469854506088497,1977,1977,0.10713312774896621704,0,0
0.00024689919327549431863,0.52204554478199372003,0.10608082843685909258,0.36626045346355756704,3.0017923683428375803,0.18322817274325445269,0.38043133089226544019,0.36626461092388862273,1978,1978,0.10730426013469696045,0,0
0.00024689920821219555431,0.52204538200225836242,0.10608084910802320633,0.36626045900298720426,3.0017936556371545009,0.18322819341189530706,0.38043133089188463369,0.36626452522551550262,1979,1979,0.10747539997100830078,0,0
0.00024689922282113504646,0.52204522279472642676,0.10608086932555783888,0.36626046442086279686,3.0017949146827098694,0.18322821362696053993,0.38043133089149355763,0.36626444140775027414,1980,1980,0.10764653980731964111,0,0
0.00024689923710950468757,0.52204506708105880008,0.10608088909941310041,0.36626046971985148915,3.0017961460991915423,0.18322823339840052514,0.3804313308911110858,0.36626435942933160961,1981,1981,0.10781767964363098145,0,0
0.00024689925108433840185,0.52204491478454218001,0.10608090843932851954,0.36626047490256197214,3.0017973504929713613,0.18322825273595214068,0.3804313308907192881,0.36626427924989607421,1982,1982,0.10798881947994232178,0,0
0.0002468992647525160484,0.52204476583023384784,0.10608092735482349545,0.3662604799715457049,3.0017985284568751148,0.18322827164913546572,0.38043133089033759342,0.36626420082997312999,1983,1983,0.10815995931625366211,0,0
0.00024689927812076645696,0.5220446201447508372,0.10608094585521384012,0.36626048492929813571,3.0017996805709259434,0.18322829014726310648,0.38043133088994529611,0.36626412413095194021,1984,1984,0.10833109915256500244,0,0
0.00024689929119567084314,0.52204447765640527024,0.10608096394960589426,0.36626048977825997888,3.0018008074022399789,0.18322830823944238898,0.38043133088956371246,0.36626404911507326467,1985,1985,0.10850223898887634277,0,0
0.00024689930398366600681,0.52204433829499485853,0.10608098164691168175,0.36626049452081843594,3.001801909505656063,0.18322832593458218686,0.38043133088917008289,0.36626397574540509039,1986,1986,0.10867337882518768311,0,0
0.00024689931649104758472,0.52204420199194723207,0.1060809989558416655,0.36626049915930830592,3.0018029874236975552,0.18322834324139380957,0.38043133088878794412,0.36626390398582253649,1987,1987,0.10884451866149902344,0,0
0.00024689932872397308628,0.52204406868010089227,0.10608101588492220568,0.36626050369601315104,3.0018040416871341058,0.18322836016840096662,0.38043133088839342637,0.36626383380099941656,1988,1988,0.10901565849781036377,0,0
0.00024689934068846487508,0.52204393829386797066,0.10608103244248431873,0.36626050813316646249,3.0018050728149208162,0.18322837672393518793,0.38043133088801089903,0.36626376515637643072,1989,1989,0.10918679088354110718,0,0
0.00024689935239041320468,0.52204381076899619707,0.10608104863668517404,0.36626051247295271507,3.0018060813148181865,0.18322839291615111712,0.38043133088761654781,0.36626369801816061056,1990,1990,0.10935793071985244751,0,0
0.00024689936383557914597,0.52204368604274231647,0.10608106447549431328,0.36626051671750847749,3.0018070676832357968,0.18322840875301876773,0.38043133088723091184,0.36626363235329589818,1991,1991,0.10952907055616378784,0,0
0.00024689937502959735183,0.52204356405365204274,0.10608107996671420348,0.36626052086892341153,3.0018080324059210895,0.18322842424233859449,0.38043133088683822596,0.36626356812945076724,1992,1992,0.10970021039247512817,0,0
0.00024689938597797882192,0.52204344474169317447,0.10608109511796948166,0.36626052492924132675,3.001808975957740877,0.18322843939173516503,0.38043133088645075812,0.36626350531500717622,1993,1993,0.10987135022878646851,0,0
0.00024689939668611366732,0.52204332804808606383,0.1060811099367233723,0.36626052890046123522,3.0018098988033408148,0.18322845420867009403,0.38043133088605662895,0.36626344387903725375,1994,1994,0.11004249006509780884,0,0
0.00024689940715927376691,0.52204321391541164132,0.10608112443026813942,0.3662605327845382952,3.0018108013969935222,0.18322846870043527079,0.38043133088567127054,0.36626338379128853262,1995,1995,0.11021362990140914917,0,0
0.00024689941740261526094,0.52204310228742123456,0.10608113860574616694,0.36626053658338464381,3.0018116841831838926,0.18322848287417187185,0.38043133088527436581,0.36626332502218555964,1996,1996,0.1103847697377204895,0,0
0.0002468994274211812074,0.5220429931092084308,0.10608115247013012727,0.36626054029887061825,3.0018125475964376747,0.18322849673685182026,0.38043133088488800819,0.36626326754278198949,1997,1997,0.11055590957403182983,0,0
0.00024689943721990402145,0.52204288632695139416,0.10608116603025531666,0.36626054393282542199,3.0018133920620306831,0.18322851029531003753,0.38043133088449249124,0.36626321132478606435,1998,1998,0.11072704941034317017,0,0
0.00024689944680360786065,0.52204278188813268979,0.1060811792927896513,0.36626054748703817943,3.0018142179955495941,0.18322852355621277454,0.38043133088410435727,0.36626315634051037629,1999,1999,0.1108981892466545105,0,0
0.00024689945617701111865,0.52204267974127338547,0.10608119226427140114,0.36626055096325876859,3.0018150258038134304,0.18322853652609827346,0.38043133088370895134,0.3662631025628898529,2000,2000,0.11106932163238525391,0,0
0.00024689946534472853937,0.52204257983611757066,0.10608120495108167014,0.36626055436319859826,3.0018158158844414629,0.18322854921134631989,0.38043133088331809732,0.36626304996543923576,2001,2001,0.11124046146869659424,0,0
0.00024689947431127376486,0.52204248212343995483,0.10608121735947242947,0.36626055768853166272,3.0018165886265464337,0.18322856161820877396,0.38043133088292402366,0.3662629985222655149,2002,2002,0.11141160130500793457,0,0
0.00024689948308106128691,0.52204238655515389222,0.10608122949554871228,0.36626056094089504134,3.0018173444104885306,0.18322857375278892023,0.38043133088253083818,0.36626294820803656505,2003,2003,0.1115827411413192749,0,0
0.00024689949165840872382,0.52204229308417582356,0.10608124136529134551,0.36626056412188995326,3.0018180836085068819,0.18322858562106819624,0.3804313308821362094,0.36626289899798192273,2004,2004,0.11175388097763061523,0,0
0.00024689950004753898885,0.52204220166450121532,0.106081252974540588,0.36626056723308264562,3.0018188065844704226,0.18322859722888479306,0.38043133088174152512,0.36626285086786758427,2005,2005,0.11192502081394195557,0,0
0.00024689950825258240438,0.52204211225109464767,0.1060812643290174051,0.36626057027600478211,3.0018195136944503254,0.18322860858196052258,0.3804313308813466743,0.36626280379399900333,2006,2006,0.1120961606502532959,0,0
0.00024689951627757870771,0.52204202479995287511,0.10608127543430725948,0.36626057325215455318,3.001820205286484633,0.18322861968587830783,0.3804313308809514349,0.36626275775319400152,2007,2007,0.11226730048656463623,0,0
0.00024689952412647873155,0.52204193926798991843,0.10608128629588411962,0.36626057616299723119,3.0018208817012275169,0.18322863054611338018,0.38043133088055658408,0.36626271272278659863,2008,2008,0.11243844032287597656,0,0
0.00024689953180314689772,0.52204185561310689767,0.10608129691909153058,0.36626057900996594752,3.0018215432716242042,0.18322864116800680057,0.38043133088015962384,0.36626266868060092241,2009,2009,0.11260958015918731689,0,0
0.00024689953931136268076,0.52204177379409388848,0.10608130730916529028,0.36626058179446235874,3.0018221903235327019,0.18322865155679560201,0.3804313308797636628,0.36626262560495415066,2010,2010,0.11278071999549865723,0,0
0.00024689954665482266799,0.52204169377068299074,0.10608131747121619937,0.36626058451785736825,3.0018228231754222612,0.18322866171758800391,0.3804313308793659254,0.36626258347463336307,2011,2011,0.11295185983180999756,0,0
0.0002468995538371423484,0.52204161550344696519,0.10608132741025384782,0.3662605871814918479,3.001823442139036846,0.1832286716553949979,0.38043133087896885414,0.36626254226889676247,2012,2012,0.11312299221754074097,0,0
0.00024689956086185784736,0.52204153895386895545,0.10608133713116688068,0.36626058978667713761,3.0018240475190238747,0.18322868137510281428,0.38043133087857139429,0.36626250196745108179,2013,2013,0.1132941320538520813,0,0
0.00024689956773242776981,0.52204146408423279802,0.10608134663874708992,0.36626059233469604459,3.0018246396135768173,0.18322869088150428585,0.38043133087817376792,0.36626246255045596945,2014,2014,0.11346527189016342163,0,0
0.00024689957445223477232,0.52204139085768963557,0.1060813559376714843,0.36626059482680295432,3.0018252187141172271,0.18322870017927414543,0.38043133087777314394,0.36626242399850134079,2015,2015,0.11363641172647476196,0,0
0.00024689958102458729782,0.52204131923816421423,0.10608136503252414695,0.36626059726422482976,3.0018257851059635399,0.18322870927299808597,0.3804313308773771829,0.36626238629260066126,2016,2016,0.11380755156278610229,0,0
0.00024689958745272114768,0.5220412491904106167,0.10608137392777736152,0.36626059964816176651,3.0018263390677795144,0.18322871816714525472,0.38043133087697567074,0.36626234941419366642,2017,2017,0.11397869139909744263,0,0
0.00024689959373980116227,0.52204118067991012175,0.10608138262781816041,0.36626060197978743682,3.0018268808725703245,0.1832287268661047519,0.38043133087657687863,0.36626231334511610838,2018,2018,0.11414983123540878296,0,0
0.0002468995998889228472,0.52204111367295435997,0.10608139113692395539,0.36626060426024986683,3.0018274107869062917,0.18322873537415113043,0.38043133087617564403,0.36626227806761046946,2019,2019,0.11432097107172012329,0,0
0.00024689960590311356599,0.52204104813651741601,0.10608139945929143111,0.36626060649067176955,3.001827929071915424,0.18322874369548264317,0.38043133087577418738,0.36626224356430459039,2020,2020,0.11449211090803146362,0,0
0.00024689961178533438319,0.52204098403836074471,0.10608140759901220351,0.36626060867215132211,3.0018284359826172825,0.18322875183418868561,0.38043133087537300829,0.36626220981820889477,2021,2021,0.11466325074434280396,0,0
0.00024689961753848136544,0.52204092134688950821,0.10608141556010032558,0.36626061080576249873,3.0018289317687769646,0.18322875979428421278,0.3804313308749703304,0.36626217681270711868,2022,2022,0.11483439058065414429,0,0
0.00024689962316538704512,0.52204086003126315418,0.1060814233464704992,0.36626061289255584796,3.0018294166743864082,0.18322876757968223349,0.38043133087456931785,0.36626214453154437578,2023,2023,0.1150055229663848877,0,0
0.00024689962866882182984,0.52204080006125730407,0.10608143096196248623,0.36626061493355871468,3.0018298909383416273,0.18322877519422317572,0.38043133087416530769,0.36626211295882904473,2024,2024,0.11517666280269622803,0,0
0.00024689963405149524924,0.52204074140736900222,0.10608143841032136034,0.36626061692977607276,3.0018303547940572429,0.18322878264165062823,0.38043133087376229673,0.36626208207901128633,2025,2025,0.11534780263900756836,0,0
0.00024689963931605731027,0.52204068404068748599,0.10608144569522010014,0.3662606188821905806,3.0018308084700726646,0.18322878992563829126,0.38043133087335750941,0.36626205187688709586,2026,2026,0.11551894247531890869,0,0
0.00024689964446510012349,0.52204062793299887968,0.10608145282023936917,0.36626062079176363584,3.0018312521896080014,0.18322879704976485771,0.38043133087295349926,0.36626202233758292648,2027,2027,0.11569008231163024902,0,0
0.0002468996495011587162,0.52204057305663220667,0.10608145978889561845,0.36626062265943531981,3.0018316861713643107,0.18322880401754818025,0.38043133087254715763,0.3662619934465550231,2028,2028,0.11586122214794158936,0,0
0.00024689965442671255036,0.52204051938461015769,0.10608146660461222066,0.36626062448612528577,3.0018321106288419209,0.18322881083240946665,0.38043133087214414667,0.36626196518957271353,2029,2029,0.11603236198425292969,0,0
0.00024689965924418666096,0.52204046689046124108,0.10608147327075301281,0.36626062627273275885,3.0018325257712170639,0.18322881749771374738,0.3804313308717380826,0.36626193755272734576,2030,2030,0.11620350182056427002,0,0
0.00024689966395595290289,0.52204041554836644323,0.1060814797905945267,0.36626062802013736874,3.0018329318027756614,0.18322882401673559749,0.38043133087133190751,0.36626191052240569812,2031,2031,0.11637464165687561035,0,0
0.00024689966856433103511,0.5220403653330206728,0.10608148616735225966,0.3662606297291994828,3.0018333289235643591,0.18322883039269161065,0.38043133087092484423,0.36626188408530102603,2032,2032,0.11654578149318695068,0,0
0.00024689967307158996752,0.52204031621971536126,0.10608149240416198111,0.36626063140076053903,3.0018337173290396969,0.18322883662871572441,0.38043133087051689278,0.36626185822839130157,2033,2033,0.11671692132949829102,0,0
0.00024689967747994873669,0.52204026818424709155,0.10608149850409931414,0.36626063303564349027,3.0018340972105690412,0.18322884272788475535,0.38043133087010955196,0.36626183293894604143,2034,2034,0.11688805371522903442,0,0
0.00024689968179157780696,0.52204022120298743115,0.1060815044701626797,0.36626063463465324821,3.0018344687550766459,0.18322884869319516765,0.38043133086970337686,0.36626180820450993103,2035,2035,0.11705919355154037476,0,0
0.00024689968600859988354,0.52204017525276302791,0.10608151030529679171,0.36626063619857707199,3.001834832145674703,0.18322885452759279934,0.38043133086929215025,0.3662617840129077651,2036,2036,0.11723033338785171509,0,0
0.0002468996901330911594,0.52204013031098916997,0.1060815160123678158,0.36626063772818495679,3.0018351875611477553,0.18322886023394205357,0.38043133086888436534,0.3662617603522210219,2037,2037,0.11740147322416305542,0,0
0.00024689969416708229099,0.52204008635549614681,0.10608152159419270699,0.36626063922422991137,3.0018355351766605743,0.18322886581506081516,0.38043133086847291668,0.36626173721080296231,2038,2038,0.11757261306047439575,0,0
0.00024689969811255931985,0.52204004336467046965,0.10608152705351504841,0.36626064068744851321,3.0018358751632696624,0.18322887127369150151,0.38043133086806424359,0.36626171457725475999,2039,2039,0.11774375289678573608,0,0
0.00024689970197146475679,0.52204000131731831402,0.10608153239302672843,0.36626064211856124153,3.0018362076884792522,0.18322887661252609814,0.38043133086765279494,0.36626169244043255135,2040,2040,0.11791489273309707642,0,0
0.00024689970574569839509,0.52203996019275678009,0.10608153761535404902,0.36626064351827253285,3.0018365329159406585,0.18322888183419036578,0.38043133086724378877,0.36626167078943622224,2041,2041,0.11808603256940841675,0,0
0.00024689970943711850304,0.52203991997070398057,0.1060815427230724084,0.36626064488727161361,3.0018368510059145748,0.18322888694125935571,0.38043133086682862087,0.36626164961360363481,2042,2042,0.11825717240571975708,0,0
0.00024689971304754231192,0.52203988063138373477,0.10608154771869404698,0.36626064622623244471,3.0018371621149668727,0.1832288919362455859,0.38043133086641933716,0.36626162890250518744,2043,2043,0.11842831224203109741,0,0
0.00024689971657874742539,0.52203984215540399916,0.10608155260468005165,0.36626064753581422107,3.0018374663963198756,0.18322889682160881097,0.38043133086600527948,0.36626160864594303757,2044,2044,0.11859945207834243774,0,0
0.00024689972003247236164,0.52203980452383091926,0.10608155738343630348,0.3662606488166617047,3.0018377639997950723,0.18322890159975571689,0.3804313308655942194,0.36626158883394321908,2045,2045,0.11877058446407318115,0,0
0.00024689972341041742073,0.52203976771811400059,0.10608156205731752997,0.36626065006940550228,3.0018380550719903077,0.1832289062730399487,0.38043133086517799679,0.36626156945674892551,2046,2046,0.11894172430038452148,0,0
0.00024689972671424560615,0.52203973172016227,0.10608156662862129604,0.3662606512946622872,3.0018383397561363424,0.1832289108437590297,0.38043133086476732529,0.36626155050481656872,2047,2047,0.11911286413669586182,0,0
0.00024689972994558354643,0.52203969651220172299,0.10608157109960526798,0.36626065249303535465,3.0018386181925866829,0.18322891531417073718,0.38043133086434999246,0.36626153196881600094,2048,2048,0.11928400397300720215,0,0
0.00024689973310602198299,0.52203966207694663115,0.10608157547246351016,0.36626065366511462162,3.0018388905182642468,0.18322891968646812244,0.38043133086393826625,0.36626151383961597086,2049,2049,0.11945514380931854248,0,0
0.0002468997361971169628,0.52203962839738737856,0.10608157974935718271,0.36626065481147723757,3.001839156867446512,0.18322892396281292848,0.38043133086351899053,0.36626149610829439318,2050,2050,0.11962628364562988281,0,0
0.00024689973922039021781,0.52203959545699252232,0.10608158393238428796,0.36626065593268741782,3.0018394173711344664,0.18322892814530192251,0.38043133086310665369,0.36626147876611114818,2051,2051,0.11979742348194122314,0,0
0.00024689974217733014076,0.52203956323948952356,0.1060815880236128661,0.3662606570292972763,3.0018396721577635944,0.18322893223600406065,0.38043133086268821064,0.36626146180453528212,2052,2052,0.11996856331825256348,0,0
0.0002468997450693924357,0.52203953172905870339,0.10608159202505015872,0.36626065810184665894,3.0018399213526536506,0.18322893623692515508,0.38043133086227409745,0.36626144521520648256,2053,2053,0.12013970315456390381,0,0
0.00024689974789800093113,0.52203950091014228452,0.10608159593867333426,0.36626065915086353231,3.0018401650786463719,0.18322894015004317914,0.3804313308618547107,0.36626142898996277841,2054,2054,0.12031084299087524414,0,0
0.00024689975066454812212,0.52203947076759682489,0.10608159976640410549,0.36626066017686437215,3.0018404034556618321,0.18322894397727870763,0.38043133086143782196,0.3662614131208071222,2055,2055,0.12048198282718658447,0,0
0.00024689975337039603764,0.52203944128655233037,0.10608160351013223854,0.36626066118035427444,3.0018406366011936015,0.18322894772052225609,0.38043133086101965645,0.36626139759992865086,2056,2056,0.1206531226634979248,0,0
0.00024689975601687672848,0.52203941245251306302,0.10608160717169673459,0.36626066216182728841,3.0018408646299161724,0.18322895138161135464,0.38043133086059904846,0.3662613824196846446,2057,2057,0.12082425504922866821,0,0
0.0002468997586052930804,0.52203938425126694689,0.10608161075290425956,0.36626066312176658313,3.0018410876542502841,0.18322895496235380719,0.38043133086018138256,0.36626136757259614152,2058,2058,0.12099539488554000854,0,0
0.0002468997611369193562,0.52203935666892897771,0.10608161425551640433,0.36626066406064466952,3.0018413057839361535,0.18322895846450978907,0.38043133085975949781,0.36626135305135543163,2059,2059,0.12116653472185134888,0,0
0.00024689976361300184629,0.522039329691916687,0.10608161768125973223,0.36626066497892384444,3.0018415191264722353,0.18322896188980689058,0.38043133085934155435,0.36626133884880746061,2060,2060,0.12133767455816268921,0,0
0.00024689976603475946495,0.52203930330695047513,0.10608162103181852098,0.36626066587705607969,3.0018417277867994741,0.18322896523992768247,0.38043133085891905898,0.36626132495796315247,2061,2061,0.12150881439447402954,0,0
0.00024689976840338456352,0.52203927750102441241,0.10608162430884654492,0.3662606667554835771,3.0018419318678168928,0.18322896851652736849,0.38043133085849845099,0.36626131137197742715,2062,2062,0.12167995423078536987,0,0
0.00024689977072004303882,0.52203925226144853866,0.10608162751395329437,0.36626066761463876853,3.0018421314698788827,0.18322897172121374587,0.38043133085807623317,0.36626129808416263423,2063,2063,0.12185109406709671021,0,0
0.0002468997729858753089,0.52203922757577125857,0.10608163064872191961,0.36626066845494459345,3.0018423266914209258,0.18322897485557118613,0.38043133085765346024,0.36626128508797434202,2064,2064,0.12202223390340805054,0,0
0.00024689977520199690936,0.52203920343186527298,0.10608163371469044034,0.36626066927681466545,3.0018425176284249112,0.18322897792113607141,0.38043133085723124243,0.36626127237701178174,2065,2065,0.12219337373971939087,0,0
0.00024689977736949871023,0.5220391798178093401,0.10608163671337474121,0.36626067008065366082,3.0018427043750888217,0.18322898091942554921,0.38043133085680830296,0.36626125994501529393,2066,2066,0.1223645135760307312,0,0
0.00024689977948944772908,0.52203915672200629228,0.1060816396462455069,0.36626067086685726304,3.0018428870231956829,0.18322898385190866666,0.38043133085638514146,0.36626124778586388597,2067,2067,0.12253565341234207153,0,0
0.00024689978156288756471,0.52203913413304714464,0.10608164251475372952,0.36626067163581244035,3.0018430656628827258,0.1832289867200378175,0.38043133085596014809,0.36626123589356934795,2068,2068,0.12270678579807281494,0,0
0.00024689978359083888503,0.52203911203984698641,0.1060816453203048404,0.3662606723878977788,3.0018432403819304,0.18322898952521665672,0.38043133085553670902,0.36626122426227375461,2069,2069,0.12287792563438415527,0,0
0.00024689978557430007763,0.52203909043148621905,0.10608164806428752036,0.36626067312348348226,3.0018434112665484115,0.18322899226883515578,0.38043133085510916214,0.36626121288625301808,2070,2070,0.12304906547069549561,0,0
0.00024689978751424735814,0.52203906929736521025,0.10608165074804616623,0.36626067384293164997,3.0018435784007468925,0.18322899495223632371,0.38043133085468600063,0.36626120175989851369,2071,2071,0.12322020530700683594,0,0
0.00024689978941163574604,0.52203904862703764955,0.10608165337290871577,0.36626067454659644307,3.0018437418669563499,0.18322899757674898646,0.38043133085425834272,0.36626119087773750804,2072,2072,0.12339134514331817627,0,0
0.0002468997912673992815,0.52203902841035698668,0.10608165594016241706,0.36626067523482425115,3.0018439017455573747,0.18322900014365930965,0.38043133085383273873,0.36626118023440684679,2073,2073,0.1235624849796295166,0,0
0.00024689979308245135065,0.5220390086373386529,0.10608165845107617176,0.36626067590795380324,3.0018440581154051117,0.18322900265423669453,0.38043133085340380406,0.36626116982466633276,2074,2074,0.12373362481594085693,0,0
0.00024689979485768555291,0.52203898929827652342,0.10608166090688193883,0.36626067656631655645,3.0018442110533753997,0.18322900510971260046,0.38043133085297825557,0.36626115964338962216,2075,2075,0.12390476465225219727,0,0
0.00024689979659397553839,0.52203897038361279925,0.10608166330879409411,0.36626067721023641832,3.0018443606349283215,0.18322900751130163921,0.38043133085254871029,0.3662611496855623372,2076,2076,0.1240759044885635376,0,0
0.0002468997982921760921,0.52203895188406856942,0.10608166565799037606,0.36626067784003046857,3.0018445069335712994,0.18322900986018103575,0.38043133085212249567,0.36626113994628195503,2077,2077,0.12424704432487487793,0,0
0.00024689979995312313389,0.52203893379049670642,0.10608166795563259144,0.36626067845600868145,3.0018446500215003603,0.18322901215751261073,0.38043133085169078544,0.3662611304207508689,2078,2078,0.12441818416118621826,0,0
0.00024689980157763420643,0.52203891609403063612,0.106081670202846437,0.36626067905847425887,3.0018447899690285929,0.18322901440442171395,0.38043133085126534798,0.36626112110427666568,2079,2079,0.12458931654691696167,0,0
0.0002468998031665088546,0.52203889878590359341,0.10608167240074553583,0.3662606796477236859,3.0018449268452243039,0.1832290166020220934,0.38043133085083014056,0.36626111199227701087,2080,2080,0.124760456383228302,0,0
0.00024689980472052922185,0.52203888185765012775,0.10608167455040475036,0.36626068022404711932,3.001845060717359015,0.18322901875138833394,0.38043133085040509167,0.36626110308025505713,2081,2081,0.12493159621953964233,0,0
0.00024689980624046021281,0.5220388653008741775,0.10608167665289047754,0.36626068078772816561,3.0018451916514914402,0.18322902085358688806,0.38043133084996938464,0.36626109436383263995,2082,2082,0.12510274350643157959,0,0
0.0002468998077270499812,0.52203884910747822001,0.10608167870923070064,0.366260681339044325,3.0018453197119634446,0.18322902290964540595,0.38043133084954139367,0.3662610858387085333,2083,2083,0.12527388334274291992,0,0
0.00024689980918103020084,0.52203883326944100496,0.1060816807204444101,0.3662606818782668805,3.0018454449619733637,0.18322902492058298907,0.38043133084910685238,0.36626107750068981339,2084,2084,0.12544502317905426025,0,0
0.00024689981060311644518,0.52203881777900207339,0.10608168268751677621,0.36626068240566123091,3.001845567463086617,0.183229026887384433,0.38043133084867747362,0.36626106934566632356,2085,2085,0.12561614811420440674,0,0
0.00024689981199400878355,0.52203880262850255178,0.10608168461142067351,0.36626068292148705741,3.001845687275724206,0.18322902881102276496,0.38043133084824404255,0.36626106136962477411,2086,2086,0.12578728795051574707,0,0
0.00024689981335439167278,0.52203878781050383484,0.10608168649310026344,0.36626068342599810146,3.0018458044588007816,0.183229030692441619,0.38043133084781144415,0.36626105356863669638,2087,2087,0.1259584277868270874,0,0
0.00024689981468493477036,0.52203877331768600012,0.1060816883334857047,0.36626068391944283098,3.0018459190701212158,0.18322903253257155631,0.38043133084737551508,0.3662610459388607187,2088,2088,0.12612956762313842773,0,0
0.00024689981598629288017,0.52203875914294217697,0.10608169013347862331,0.36626068440206399623,3.001846031166018669,0.18322903433231341186,0.38043133084694275015,0.36626103847653634915,2089,2089,0.12630070745944976807,0,0
0.00024689981725910649466,0.52203874527926008575,0.1060816918939709308,0.36626068487409918495,3.0018461408018213277,0.18322903609256005475,0.38043133084650748721,0.36626103117799246878,2090,2090,0.1264718472957611084,0,0
0.00024689981850400212005,0.52203873171984283008,0.10608169361582373003,0.36626068533578065578,3.0018462480313763407,0.1832290378141710474,0.38043133084607222427,0.36626102403963195497,2091,2091,0.12664298713207244873,0,0
0.00024689981972159238477,0.52203871845798455187,0.10608169529989100455,0.36626068578733572689,3.001846352907643567,0.18322903949800192769,0.38043133084563657276,0.36626101705794167351,2092,2092,0.12681412696838378906,0,0
0.00024689982091247647316,0.52203870548718178668,0.10608169694699637331,0.36626068622898655391,3.0018464554821355783,0.18322904114487464922,0.38043133084520175391,0.36626101022947998853,2093,2093,0.12698526680469512939,0,0
0.00024689982207724055913,0.52203869280101744543,0.10608169855795646086,0.36626068666095051851,3.0018465558054856501,0.18322904275560694676,0.38043133084476327133,0.36626100355088853089,2094,2094,0.12715640664100646973,0,0
0.00024689982321645786035,0.52203868039327938622,0.10608170013355866512,0.36626068708344017288,3.0018466539269721416,0.18322904433098510801,0.38043133084432811941,0.36626099701887332438,2095,2095,0.12732754647731781006,0,0
0.00024689982433068896357,0.52203866825781830574,0.10608170167458530475,0.36626068749666351732,3.0018467498950465178,0.18322904587179233982,0.38043133084388730536,0.36626099063022371505,2096,2096,0.12749868631362915039,0,0
0.00024689982542048225823,0.52203865638870117216,0.10608170318178844482,0.36626068790082377813,3.0018468437568466278,0.18322904737877965253,0.38043133084345220896,0.36626098438178505967,2097,2097,0.12766982614994049072,0,0
0.00024689982648637404496,0.52203864478003447758,0.10608170465591811038,0.36626068829612001831,3.0018469355587420466,0.18322904885269816755,0.38043133084301072877,0.36626097827048903488,2098,2098,0.12784096598625183105,0,0
0.00024689982752888886075,0.52203863342615497434,0.10608170609769149162,0.36626068868274663792,3.0018470253457674168,0.18322905029426353463,0.38043133084257468868,0.36626097229331716632,2099,2099,0.12801210582256317139,0,0
0.00024689982854853975008,0.52203862232141862165,0.10608170750782752734,0.36626068906089398469,3.0018471131623183368,0.18322905170419614973,0.38043133084213298645,0.36626096644733480145,2100,2100,0.12818324565887451172,0,0
0.00024689982954582842751,0.52203861146040730912,0.10608170888701218271,0.36626068943074802098,3.0018471990514790093,0.18322905308318046536,0.38043133084169683533,0.36626096072965363959,2101,2101,0.12835438549518585205,0,0
0.00024689983052124576555,0.52203860083772291034,0.10608171023593256088,0.36626068979249093438,3.0018472830556905961,0.18322905443190465324,0.3804313308412531347,0.36626095513746753651,2102,2102,0.12852552533149719238,0,0
0.00024689983147527157789,0.52203859044817912949,0.10608171155524616369,0.36626069014630052711,3.0018473652162027676,0.18322905575102529929,0.38043133084081481865,0.36626094966801364672,2103,2103,0.12869666516780853271,0,0
0.0002468998324083754867,0.52203858028662775137,0.10608171284560730108,0.3662606904923511042,3.001847445573563089,0.18322905704119707426,0.38043133084037233926,0.3662609443186037872,2104,2104,0.12886780500411987305,0,0
0.00024689983332101654318,0.52203857034808698323,0.10608171410764846709,0.36626069083081280731,3.0018475241672799569,0.18322905830305227792,0.38043133083993235788,0.36626093908660123377,2105,2105,0.12903894484043121338,0,0
0.00024689983421364387808,0.52203856062763964729,0.10608171534199417607,0.36626069116185222541,3.0018476010361339057,0.18322905953721535521,0.38043133083948821316,0.36626093396943043556,2106,2106,0.12921008467674255371,0,0
0.00024689983508669659327,0.52203855112052721665,0.1060817165492484726,0.3662606914856321727,3.0018476762178853967,0.18322906074429018419,0.38043133083904756564,0.36626092896456974302,2107,2107,0.1293812096118927002,0,0
0.00024689983594060441229,0.52203854182203557333,0.10608171773001018323,0.36626069180231207723,3.0018477497496633966,0.18322906192487561916,0.38043133083860125598,0.36626092406955645941,2108,2108,0.12955234944820404053,0,0
0.00024689983677578735506,0.52203853272762057447,0.10608171888485659617,0.36626069211204770326,3.001847821667587457,0.18322906307954908711,0.38043133083816116358,0.36626091928197684888,2109,2109,0.12972348928451538086,0,0
0.00024689983759265644262,0.52203852383277193905,0.10608172001435994813,0.36626069241499142892,3.0018478920071447469,0.18322906420888229739,0.38043133083771463188,0.36626091459947651696,2110,2110,0.12989462912082672119,0,0
0.00024689983839161353451,0.5220385151331345952,0.10608172111907396284,0.36626069271129235716,3.0018479608029249306,0.18322906531342947334,0.38043133083727243005,0.36626091001974714345,2111,2111,0.13006576895713806152,0,0
0.00024689983917305181665,0.52203850662440320907,0.10608172219954456472,0.36626069300109620475,3.0018480280888488743,0.18322906639373584547,0.38043133083682484363,0.36626090554053469805,2112,2112,0.13023690879344940186,0,0
0.0002468998399373555845,0.52203849830241200181,0.10608172325630139954,0.36626069328454563534,3.001848093898010994,0.18322906745033146203,0.38043133083638275282,0.36626090115962994798,2113,2113,0.13040804862976074219,0,0
0.00024689984068490100199,0.5220384901630306107,0.10608172428986883951,0.36626069356177998193,3.0018481582628910864,0.18322906848374054256,0.38043133083593388966,0.36626089687488050384,2114,2114,0.13057918846607208252,0,0
0.00024689984141605583051,0.52203848220229243093,0.10608172530075049567,0.36626069383293574644,3.0018482212150807698,0.18322906949446657321,0.38043133083549229845,0.36626089268417044709,2115,2115,0.13075032830238342285,0,0
0.00024689984213117969992,0.52203847441623085768,0.10608172628944978477,0.36626069409814632216,3.0018482827856995954,0.18322907048301265154,0.38043133083504143688,0.36626088858544109117,2116,2116,0.13092146813869476318,0,0
0.00024689984283062448803,0.52203846680105725486,0.10608172725644861301,0.36626069435754210479,3.0018483430049562877,0.18322907144986125272,0.38043133083459845789,0.36626088457667033138,2117,2117,0.13109260797500610352,0,0
0.0002468998435147342122,0.52203845935297932268,0.10608172820222744326,0.36626069461125076998,3.0018484019026185905,0.18322907239549193759,0.38043133083414709672,0.36626088065588507936,2118,2118,0.13126374781131744385,0,0
0.00024689984418384546298,0.52203845206836696491,0.10608172912724879444,0.36626069485939710679,3.001848459507594491,0.18322907332036827976,0.38043133083370289649,0.36626087682115504585,2119,2119,0.13143488764762878418,0,0
0.00024689984483828734995,0.52203844494360129858,0.10608173003197014783,0.36626069510210312874,3.0018485158483279029,0.1832290742249462201,0.38043133083325070265,0.36626087307058924347,2120,2120,0.13160602748394012451,0,0
0.00024689984547838188115,0.52203843797520332881,0.10608173091683578693,0.36626069533948835133,3.0018485709525015714,0.18322907510967179068,0.38043133083280594731,0.36626086940234403588,2121,2121,0.13177716732025146484,0,0
0.00024689984610444385468,0.5220384311597092708,0.10608173178228282041,0.36626069557166940349,3.0018486248473137401,0.1832290759749800324,0.38043133083235125547,0.36626086581461009262,2122,2122,0.13194830715656280518,0,0
0.00024689984671678118396,0.52203842449379800339,0.10608173262873600573,0.36626069579876058269,3.0018486775592565508,0.18322907682129782603,0.38043133083190633359,0.36626086230562149293,2123,2123,0.13211944699287414551,0,0
0.00024689984731569516877,0.52203841797415317938,0.10608173345661348064,0.36626069602087357735,3.0018487291143407525,0.1832290776490411166,0.38043133083145214135,0.36626085887364839833,2124,2124,0.13229058682918548584,0,0
0.00024689984790148027842,0.52203841159759478696,0.10608173426632191982,0.36626069623811757792,3.0018487795378971938,0.18322907845861857723,0.38043133083100527658,0.36626085551700410248,2125,2125,0.13246172666549682617,0,0
0.00024689984847442469386,0.52203840536095569291,0.10608173505826069827,0.36626069645059949886,3.0018488288548135223,0.18322907925042750121,0.38043133083055064025,0.36626085223403104241,2126,2126,0.1326328665018081665,0,0
0.00024689984903481019922,0.52203839926118955628,0.10608173583281961527,0.36626069665842386769,3.001848877089328127,0.18322908002485976953,0.38043133083010266526,0.36626084902311761837,2127,2127,0.13280400633811950684,0,0
0.00024689984958291245291,0.52203839329526879887,0.10608173659038001857,0.36626069686169282491,3.0018489242652450777,0.18322908078229438456,0.38043133082964691871,0.36626084588267604492,2128,2128,0.13297514617443084717,0,0
0.00024689985011900087916,0.52203838746027919626,0.10608173733131501248,0.36626069706050634611,3.0018489704057502721,0.18322908152310668495,0.3804313308291978335,0.36626084281116561003,2129,2129,0.1331462860107421875,0,0
0.00024689985064333926437,0.52203838175332650806,0.10608173805598936079,0.36626069725496224194,3.0018490155336055025,0.1832290822476592973,0.38043133082874219797,0.36626083980706852783,2130,2130,0.13331741094589233398,0,0
0.0002468998511561853776,0.52203837617161896745,0.10608173876476013897,0.36626069744515615811,3.0018490596710010188,0.18322908295631112896,0.38043133082829155844,0.36626083686891008906,2131,2131,0.13348855078220367432,0,0
0.00024689985165779151271,0.52203837071239300727,0.10608173945797591542,0.36626069763118157541,3.0018491028397087383,0.18322908364940904136,0.38043133082783647803,0.36626083399523745587,2132,2132,0.13365969061851501465,0,0
0.00024689985214840421725,0.52203836537296799403,0.10608174013597938823,0.36626069781313003171,3.0018491450609614546,0.18322908432729725914,0.38043133082738317396,0.36626083118464303201,2133,2133,0.13383083045482635498,0,0
0.00024689985262826478042,0.52203836015071147791,0.10608174079910281939,0.36626069799109089997,3.0018491863555754051,0.18322908499030657326,0.38043133082692776048,0.36626082843573426473,2134,2134,0.13400197029113769531,0,0
0.00024689985309760917884,0.52203835504305828863,0.10608174144767347491,0.3662606981651517768,3.0018492267438525722,0.18322908563876533217,0.38043133082647395682,0.36626082574716400941,2135,2135,0.13417311012744903564,0,0
0.00024689985355666823914,0.52203835004747756177,0.1060817420820118484,0.36626069833539820486,3.0018492662457489928,0.18322908627299333562,0.38043133082601648942,0.36626082311760377319,2136,2136,0.13434424996376037598,0,0
0.00024689985400566758379,0.52203834516153302392,0.10608174270242742843,0.36626069850191389499,3.0018493048806180745,0.18322908689330005827,0.38043133082556085389,0.36626082054576097891,2137,2137,0.13451538980007171631,0,0
0.00024689985444482801056,0.52203834038279617324,0.10608174330922927331,0.36626069866478072612,3.0018493426676089442,0.18322908749999503031,0.38043133082510466325,0.36626081803036614204,2138,2138,0.13468652963638305664,0,0
0.00024689985487436549253,0.52203833570893543037,0.1060817439027123138,0.36626069882407885636,3.0018493796252050387,0.18322908809337234981,0.38043133082464869466,0.36626081557018236312,2139,2139,0.13485766947269439697,0,0
0.00024689985529449106965,0.52203833113762287965,0.10608174448317349292,0.36626069897988644541,3.0018494157717299231,0.18322908867372986186,0.38043133082418989499,0.36626081316399927701,2140,2140,0.1350288093090057373,0,0
0.00024689985570541139086,0.52203832666663796402,0.10608174505089336404,0.36626069913228015418,3.001849451124859236,0.18322908924134700959,0.38043133082373276066,0.36626081081062872302,2141,2141,0.13519994914531707764,0,0
0.00024689985610732844302,0.52203832229375146667,0.10608174560615671322,0.36626069928133497822,3.0018494857021469358,0.18322908979650984196,0.38043133082327573735,0.36626080850891229446,2142,2142,0.13537108898162841797,0,0
0.00024689985650043976776,0.52203831801682853975,0.10608174614923283896,0.36626069942712408123,3.0018495195204715209,0.18322909033948625579,0.3804313308228149948,0.36626080625772033939,2143,2143,0.1355422288179397583,0,0
0.00024689985688493867834,0.52203831383375265407,0.10608174668039238586,0.36626069956971912811,3.0018495525966319981,0.18322909087054822797,0.38043133082235808251,0.36626080405593763878,2144,2144,0.13571336865425109863,0,0
0.00024689985726101409697,0.52203830974247733554,0.10608174719989345303,0.36626069970919034047,3.0018495849467843328,0.18322909138995258083,0.3804313308218995604,0.36626080190248405666,2145,2145,0.13588450849056243896,0,0
0.00024689985762885093435,0.52203830574096299344,0.10608174770799634612,0.36626069984560610804,3.0018496165869841263,0.18322909189796046658,0.38043133082143743007,0.36626079979629944106,2146,2146,0.1360556483268737793,0,0
0.00024689985798862992697,0.52203830182727517517,0.10608174820494564727,0.36626069997903359932,3.0018496475326879036,0.18322909239481571797,0.38043133082097957409,0.36626079773634229175,2147,2147,0.13622678816318511963,0,0
0.000246899858340527854,0.52203829799944634349,0.10608174869099247506,0.36626070010953831746,3.0018496777992731417,0.1832290928807703001,0.38043133082051661109,0.36626079572160341602,2148,2148,0.13639792799949645996,0,0
0.00024689985868471780832,0.52203829425562942035,0.10608174916636993468,0.36626070023718448887,3.0018497074015186854,0.18322909335605627734,0.38043133082005692325,0.36626079375108439029,2149,2149,0.13656906783580780029,0,0
0.00024689985902136887125,0.52203829059395401302,0.10608174963131702939,0.36626070036203473013,3.0018497363541034595,0.18322909382091365216,0.38043133081959590314,0.36626079182381954258,2150,2150,0.13674020767211914062,0,0
0.00024689985935064649204,0.52203828701263366163,0.10608175008605910672,0.36626070048415049207,3.0018497646711996829,0.18322909427556666184,0.38043133081913366178,0.3662607899388576338,2151,2151,0.13691134750843048096,0,0
0.00024689985967271237946,0.52203828350988945584,0.10608175053082376238,0.36626070060359172675,3.001849792366847236,0.18322909472024412336,0.38043133081867158696,0.36626078809527135016,2152,2152,0.13708248734474182129,0,0
0.00024689985998772488122,0.52203828008401464977,0.1060817509658260327,0.36626070072041710945,3.0018498194545908397,0.1832290951551597824,0.38043133081820917907,0.36626078629215069737,2153,2153,0.13725361227989196777,0,0
0.00024689986029583876719,0.52203827673330116532,0.10608175139128439568,0.36626070083468409422,3.0018498459478677454,0.18322909558053324108,0.38043133081774521687,0.36626078452861038359,2154,2154,0.13742475211620330811,0,0
0.00024689986059720539198,0.5220382734561247462,0.10608175180740336829,0.36626070094644880282,3.0018498718596080543,0.18322909599656775348,0.38043133081728153222,0.36626078280377893925,2155,2155,0.13759589195251464844,0,0
0.00024689986089197285763,0.52203827025084759139,0.10608175221439289371,0.36626070105576613578,3.0018498972027054528,0.18322909640347462279,0.38043133081681818064,0.36626078111680798743,2156,2156,0.13776703178882598877,0,0
0.00024689986118028595932,0.52203826711591239107,0.10608175261244884302,0.36626070116268977239,3.0018499219895145025,0.18322909680144833233,0.3804313308163540519,0.36626077946686647069,2157,2157,0.1379381716251373291,0,0
0.00024689986146228634807,0.52203826404975184339,0.10608175300177197231,0.36626070126727233722,3.0018499462323666727,0.18322909719069085943,0.38043133081588836886,0.3662607778531428715,2158,2158,0.13810931146144866943,0,0
0.00024689986173811253071,0.52203826105088280141,0.10608175338254906273,0.36626070136956512258,3.0018499699430827299,0.18322909757138786113,0.38043133081542385154,0.36626077627483988319,2159,2159,0.13828045129776000977,0,0
0.0002468998620078999783,0.5220382581178022452,0.10608175375497247428,0.36626070146961836604,3.001849993133455019,0.18322909794373271053,0.38043133081495755787,0.36626077473118279215,2160,2160,0.1384515911340713501,0,0
0.00024689986227178128877,0.52203825524909230893,0.10608175411922073084,0.36626070156748130602,3.0018500158147798373,0.18322909830790287677,0.38043133081449170829,0.36626077322140965231,2161,2161,0.13862273097038269043,0,0
0.00024689986252988597006,0.52203825244331536481,0.10608175447547775472,0.36626070166320184862,3.0018500379983561466,0.18322909866408315649,0.38043133081402447093,0.36626077174477694731,2162,2162,0.13879387080669403076,0,0
0.00024689986278234076541,0.52203824969911150067,0.10608175482391529743,0.36626070175682712282,3.0018500596950032921,0.18322909901244463504,0.38043133081355801073,0.36626077030055753658,2163,2163,0.13896501064300537109,0,0
0.00024689986302926976176,0.52203824701511458706,0.10608175516470726152,0.36626070184840309185,3.0018500809154722297,0.18322909935316150642,0.38043133081308988519,0.36626076888804015574,2164,2164,0.13913615047931671143,0,0
0.00024689986327079411869,0.52203824439001556001,0.10608175549801986126,0.36626070193797471974,3.0018501016701777395,0.18322909968639994327,0.38043133081262386908,0.3662607675065279178,2165,2165,0.13930729031562805176,0,0
0.00024689986350703250215,0.52203824182250024855,0.10608175582402025461,0.36626070202558602684,3.001850121969396934,0.18322910001232728394,0.38043133081215335656,0.36626076615534397529,2166,2166,0.13947843015193939209,0,0
0.00024689986373810075913,0.52203823931134007985,0.10608175614286359523,0.36626070211127986775,3.0018501418230232325,0.18322910033109798822,0.380431330811687618,0.36626076483381703186,2167,2167,0.13964956998825073242,0,0
0.00024689986396411251401,0.52203823685525629905,0.10608175645471330795,0.36626070219509848647,3.0018501612409616008,0.1832291006428763136,0.3804313308112157177,0.36626076354130260304,2168,2168,0.13982070982456207275,0,0
0.00024689986418517862648,0.52203823445308161766,0.10608175675971671936,0.36626070227708296123,3.0018501802326515993,0.18322910094780880952,0.38043133081074903545,0.3662607622771578697,2169,2169,0.13999184966087341309,0,0
0.00024689986440140767937,0.52203823210359412421,0.10608175705802981581,0.36626070235727359314,3.0018501988075660947,0.18322910124605210069,0.38043133081027680209,0.36626076104076538131,2170,2170,0.14016298949718475342,0,0
0.00024689986461290581608,0.52203822980567005096,0.1060817573497946642,0.3662607024357096841,3.0018502169747556252,0.18322910153774776831,0.38043133080980851002,0.36626075983151146209,2171,2171,0.14033412933349609375,0,0
0.00024689986481977679476,0.52203822755815332268,0.10608175763515834134,0.36626070251242975884,3.0018502347432391986,0.18322910182304305571,0.38043133080933666523,0.3662607586488035305,2172,2172,0.14050526916980743408,0,0
0.00024689986502212209673,0.52203822535995736409,0.10608175791425875079,0.36626070258747145392,3.001850252121694318,0.18322910210207574155,0.38043133080886637476,0.36626075749205888599,2173,2173,0.14067640900611877441,0,0
0.00024689986522004119755,0.52203822320997939066,0.10608175818723643291,0.36626070266087168426,3.0018502691187824993,0.18322910237498679642,0.38043133080839480753,0.36626075636070593022,2174,2174,0.14084754884243011475,0,0
0.00024689986541363102487,0.52203822110718145488,0.10608175845422224137,0.36626070273266631006,3.0018502857427549202,0.18322910264190631069,0.38043133080792301826,0.36626075525418982926,2175,2175,0.14101867377758026123,0,0
0.00024689986560298671746,0.52203821905051206453,0.10608175871535059642,0.36626070280289069192,3.0018503020019053906,0.18322910290296934299,0.38043133080745106245,0.366260754171962577,2176,2176,0.14118981361389160156,0,0
0.000246899865788201083,0.52203821703897290707,0.1060817589707476194,0.36626070287157919125,3.0018503179041498008,0.18322910315830154282,0.38043133080697921766,0.36626075311349393093,2177,2177,0.14136095345020294189,0,0
0.00024689986596936508607,0.52203821507155623305,0.10608175922054165208,0.36626070293876561434,3.0018503334574129227,0.18322910340803150175,0.38043133080650526345,0.36626075207826008784,2178,2178,0.14153209328651428223,0,0
0.00024689986614656752283,0.52203821314731446712,0.10608175946485287611,0.3662607030044828238,3.0018503486692571514,0.18322910365227926266,0.38043133080603319662,0.3662607510657532317,2179,2179,0.14170323312282562256,0,0
0.00024689986631989540048,0.52203821126527338858,0.10608175970380519237,0.3662607030687631271,3.0018503635472888469,0.18322910389116883745,0.38043133080555713299,0.36626075007547309603,2180,2180,0.14187437295913696289,0,0
0.00024689986648943366629,0.52203820942453904586,0.10608175993751173261,0.36626070313163799907,3.0018503780987031426,0.18322910412481310805,0.38043133080508434452,0.36626074910693234843,2181,2181,0.14204551279544830322,0,0
0.00024689986665526542434,0.52203820762417507684,0.10608176016609227599,0.36626070319313830392,3.0018503923308088588,0.18322910435333242263,0.38043133080461033479,0.36626074815965287135,2182,2182,0.14221665263175964355,0,0
0.00024689986681747215242,0.52203820586332172482,0.10608176038965434762,0.3662607032532941842,3.0018504062504436369,0.18322910457683311281,0.3804313308041344377,0.36626074723317159076,2183,2183,0.14238779246807098389,0,0
0.00024689986697613326835,0.52203820414108204062,0.10608176060831404908,0.36626070331213517184,3.0018504198646733805,0.18322910479543286222,0.38043133080365892917,0.36626074632702720901,2184,2184,0.14255893230438232422,0,0
0.00024689986713132656363,0.5220382024566428969,0.10608176082217232739,0.36626070336969007712,3.0018504331799862328,0.18322910500923092481,0.38043133080318336514,0.36626074544077669159,2185,2185,0.14273007214069366455,0,0
0.00024689986728312825768,0.52203820080914165036,0.10608176103134112078,0.36626070342598721075,3.0018504462031447844,0.18322910521834095965,0.38043133080270802315,0.36626074457398133388,2186,2186,0.14290121197700500488,0,0
0.00024689986743161261833,0.52203819919779637093,0.10608176123591746276,0.36626070348105405072,3.0018504589403791627,0.18322910542285833491,0.38043133080223201503,0.36626074372621608699,2187,2187,0.14307235181331634521,0,0
0.00024689986757685244978,0.52203819762178349517,0.10608176143600769881,0.36626070353491763099,3.0018504713981197796,0.1832291056228906867,0.38043133080175312033,0.36626074289706345155,2188,2188,0.14324349164962768555,0,0
0.00024689986771891903831,0.52203819608036006183,0.10608176163170482398,0.36626070358760437484,3.0018504835823671684,0.18322910581853002476,0.38043133080127694567,0.366260742086112423,2189,2189,0.14341463148593902588,0,0
0.0002468998678578819897,0.52203819457273603621,0.10608176182311025715,0.36626070363914015049,3.0018504954992479838,0.18322910600987848961,0.38043133080079760688,0.36626074129296565252,2190,2190,0.14358577132225036621,0,0
0.00024689986799380928342,0.52203819309820009842,0.10608176201031352393,0.36626070368955004897,3.0018505071545127372,0.18322910619702506563,0.38043133080032165427,0.36626074051723050973,2191,2191,0.14375691115856170654,0,0
0.00024689986812676765213,0.52203819165599374408,0.10608176219341126922,0.36626070373885893927,3.0018505185540083069,0.18322910638006661976,0.38043133079984003952,0.36626073975852746489,2192,2192,0.14392805099487304688,0,0
0.00024689986825682214795,0.52203819024543940408,0.10608176237248997942,0.36626070378709091324,3.0018505297032640478,0.18322910655908991595,0.38043133079936441998,0.36626073901648031894,2193,2193,0.14409919083118438721,0,0
0.00024689986838403646776,0.52203818886581310199,0.10608176254764052626,0.36626070383426956312,3.0018505406078244135,0.18322910673418507654,0.38043133079888136194,0.36626073829072636201,2194,2194,0.14427033066749572754,0,0
0.00024689986850847300739,0.52203818751646346996,0.10608176271894693976,0.36626070388041803705,3.0018505512730251361,0.18322910690543706136,0.38043133079840490973,0.3662607375809047161,2195,2195,0.14444147050380706787,0,0
0.00024689986863019269901,0.5220381861966996162,0.10608176288649574792,0.36626070392555892807,3.0018505617041628675,0.18322910707293149635,0.38043133079792229578,0.36626073688666793693,2196,2196,0.1446126103401184082,0,0
0.00024689986874925506531,0.52203818490589892765,0.10608176305036706721,0.36626070396971432963,3.0018505719063193204,0.18322910723674928901,0.38043133079744539948,0.36626073620767246597,2197,2197,0.14478375017642974854,0,0
0.00024689986886571849058,0.52203818364339626967,0.10608176321064430314,0.36626070401290594658,3.0018505818845833133,0.18322910739697303995,0.38043133079696145327,0.36626073554358556938,2198,2198,0.14495487511157989502,0,0
0.00024689986897963994966,0.5220381824086013367,0.10608176336740360313,0.36626070405515476214,3.0018505916438114056,0.18322910755367971536,0.38043133079648450146,0.36626073489407745543,2199,2199,0.14512601494789123535,0,0
0.00024689986909107522473,0.52203818120087419619,0.10608176352072480608,0.3662607040964816485,3.001850601188855272,0.18322910770694816884,0.38043133079599872337,0.36626073425883176604,2200,2200,0.14529715478420257568,0,0
0.00024689986920007895958,0.52203818001965496265,0.10608176367068046508,0.36626070413690670069,3.0018506105243640825,0.18322910785685195267,0.38043133079552077236,0.36626073363753192114,2201,2201,0.14546829462051391602,0,0
0.00024689986930670433435,0.52203817886432579698,0.10608176381734762961,0.3662607041764497362,3.0018506196549994414,0.18322910800346711713,0.38043133079503393956,0.36626073302987499636,2202,2202,0.14563943445682525635,0,0
0.00024689986941100360756,0.52203817773435445826,0.10608176396079528614,0.36626070421513012842,3.0018506285851902504,0.18322910814686366177,0.38043133079455448975,0.36626073243555895553,2203,2203,0.14581057429313659668,0,0
0.00024689986951302779093,0.52203817662914975273,0.10608176410109734777,0.36626070425296680666,3.0018506373194258074,0.18322910828711461151,0.38043133079406865615,0.36626073185429114387,2204,2204,0.14598171412944793701,0,0
0.00024689986961282675776,0.52203817554820208802,0.10608176423831952584,0.3662607042899781451,3.0018506458618938737,0.1832291084242864132,0.38043133079358826265,0.36626073128578756632,2205,2205,0.14615285396575927734,0,0
0.00024689986971044945979,0.52203817449094402914,0.10608176437253274971,0.36626070432618246242,3.001850654216909664,0.18322910855844917744,0.38043133079310026412,0.36626073072976655931,2206,2206,0.14632399380207061768,0,0
0.00024689986980594349347,0.52203817345689051965,0.10608176450379992739,0.36626070436159735566,3.0018506623884997353,0.18322910868966671427,0.38043133079261909346,0.36626073018595395325,2207,2207,0.14649513363838195801,0,0
0.00024689986989935564215,0.52203817244550088095,0.10608176463218838004,0.3662607043962401443,3.00185067038077813,0.18322910881800541505,0.38043133079213203862,0.36626072965408029702,2208,2208,0.14666627347469329834,0,0
0.00024689986999073155072,0.52203817145630626584,0.10608176475775921155,0.36626070443012775923,3.0018506781975893283,0.18322910894352750777,0.38043133079165075694,0.36626072913388751928,2209,2209,0.14683741331100463867,0,0
0.00024689987008011583412,0.52203817048879042062,0.10608176488057569076,0.3662607044632767983,3.0018506858428501971,0.18322910906629458205,0.38043133079116042694,0.36626072862511621642,2210,2210,0.147008553147315979,0,0
0.0002468998701675522941,0.52203816954250958915,0.10608176500069717296,0.36626070449570341525,3.0018506933202897535,0.18322910918636814426,0.38043133079068042202,0.36626072812751608865,2211,2211,0.14717969298362731934,0,0
0.00024689987025308359403,0.52203816861696172857,0.10608176511818412369,0.36626070452742354178,3.0018507006336214715,0.18322910930380625905,0.38043133079018859322,0.36626072764084310895,2212,2212,0.14735083281993865967,0,0
0.00024689987033675152989,0.52203816771173117139,0.10608176523309262307,0.36626070455845260998,3.0018507077864078347,0.18322910941866749068,0.38043133078970825522,0.36626072716485608138,2213,2213,0.14752197265625,0,0
0.0002468998704185969219,0.52203816682633275015,0.10608176534548105496,0.3662607045888057189,3.0018507147822139913,0.1832291095310077389,0.3804313307892163154,0.36626072669932158155,2214,2214,0.14769311249256134033,0,0
0.00024689987049865988553,0.5220381659603655633,0.10608176545540345947,0.36626070461849785653,3.0018507216244492142,0.18322910964088337527,0.38043133078873359043,0.36626072624401023736,2215,2215,0.14786425232887268066,0,0
0.00024689987057697939787,0.52203816511337042261,0.10608176556291512571,0.36626070464754340028,3.001850728316532102,0.18322910974834746844,0.38043133078824126203,0.3662607257986958964,2216,2216,0.148035392165184021,0,0
0.00024689987065359367702,0.52203816428496419011,0.10608176566806754026,0.36626070467595650548,3.0018507348616862984,0.1832291098534535867,0.38043133078775664968,0.36626072536316295336,2217,2217,0.14820653200149536133,0,0
0.0002468998707285402364,0.52203816347470943793,0.10608176577091357751,0.36626070470375116095,3.0018507412632238207,0.18322910995625263375,0.38043133078726532048,0.36626072493718986323,2218,2218,0.14837767183780670166,0,0
0.00024689987080185561361,0.522038162682232465,0.10608176587150347503,0.3662607047309409114,3.0018507475242008908,0.1832291100567968456,0.3804313307867790428,0.36626072452057717443,2219,2219,0.14854881167411804199,0,0
0.00024689987087357558732,0.52203816190712049039,0.10608176596988658225,0.36626070475753891298,3.0018507536477971875,0.18322911015513340671,0.38043133078628665888,0.36626072411310722776,2220,2220,0.14871993660926818848,0,0
0.00024689987094373512305,0.52203816114901713252,0.10608176606611163795,0.36626070478355826632,3.0018507596369468082,0.18322911025131347063,0.38043133078580199102,0.36626072371459045263,2221,2221,0.14889107644557952881,0,0
0.00024689987101236848159,0.52203816040751749306,0.10608176616022629846,0.36626070480901157245,3.001850765494676665,0.18322911034538202912,0.38043133078530699809,0.36626072332482201288,2222,2222,0.14906221628189086914,0,0
0.00024689987107950911059,0.52203815968229450029,0.10608176625227577761,0.36626070483391132138,3.0018507712237840757,0.18322911043738696057,0.38043133078482160858,0.36626072294361672332,2223,2223,0.14923335611820220947,0,0
0.00024689987114518980715,0.52203815897295335891,0.10608176634230684354,0.36626070485826967005,3.0018507768271955882,0.18322911052737256288,0.38043133078432750382,0.36626072257077896266,2224,2224,0.1494044959545135498,0,0
0.00024689987120944255523,0.52203815827918420567,0.10608176643036189291,0.36626070488209838683,3.0018507823075442076,0.18322911061538343924,0.38043133078384167023,0.36626072220613387076,2225,2225,0.14957563579082489014,0,0
0.00024689987127229863408,0.52203815760059746331,0.10608176651648737465,0.36626070490540918456,3.0018507876676752133,0.18322911070146385981,0.38043133078334367969,0.3662607218494946526,2226,2226,0.14974677562713623047,0,0
0.00024689987133378872661,0.5220381569369161312,0.10608176660072163311,0.36626070492821338753,3.0018507929100848308,0.18322911078565445875,0.38043133078285873427,0.36626072150068916811,2227,2227,0.1499179154634475708,0,0
0.00024689987139394275681,0.52203815628775462887,0.10608176668311038171,0.36626070495052204246,3.0018507980374811162,0.18322911086799853475,0.38043133078235913391,0.36626072115954472208,2228,2228,0.15008905529975891113,0,0
0.00024689987145278999812,0.522038155652852498,0.10608176676369021618,0.36626070497234614054,3.0018508030522905727,0.18322911094853530645,0.38043133078187463259,0.36626072082589172796,2229,2229,0.15026019513607025146,0,0
0.00024689987151035923613,0.52203815503184169966,0.10608176684250404664,0.3662607049936962289,3.0018508079570604963,0.18322911102730482513,0.38043133078137536529,0.36626072049956742704,2230,2230,0.1504313349723815918,0,0
0.00024689987156667838903,0.52203815442446743766,0.10608176691958817739,0.36626070501458274364,3.0018508127541432273,0.18322911110434636495,0.38043133078088964272,0.36626072018041028189,2231,2231,0.15060247480869293213,0,0
0.00024689987162177494135,0.52203815383038454367,0.10608176699498239604,0.36626070503501578779,3.001850817445948838,0.18322911117969664652,0.38043133078038993133,0.36626071986826347349,2232,2232,0.15077361464500427246,0,0
0.00024689987167567556446,0.52203815324933933173,0.10608176706872293749,0.36626070505500535335,3.0018508220347488447,0.18322911125339491623,0.38043133077990032298,0.36626071956297501231,2233,2233,0.15094475448131561279,0,0
0.00024689987172840660449,0.52203815268101549929,0.1060817671408460644,0.36626070507456115477,3.0018508265228560639,0.18322911132547453628,0.38043133077940199938,0.36626071926438796833,2234,2234,0.15111589431762695312,0,0
0.00024689987177999370279,0.52203815212516357924,0.10608176721138740106,0.36626070509369273998,3.001850830912418111,0.18322911139597403141,0.38043133077891283511,0.36626071897236317509,2235,2235,0.15128703415393829346,0,0
0.00024689987183046190446,0.52203815158147870434,0.10608176728038166969,0.36626070511240937932,3.0018508352056549882,0.18322911146492520951,0.38043133077841367884,0.3662607186867498088,2236,2236,0.15145817399024963379,0,0
0.00024689987187983582087,0.52203815104972550731,0.10608176734786239903,0.36626070513072017665,3.0018508394046192755,0.18322911153236423609,0.38043133077792329333,0.36626071840741308838,2237,2237,0.15162931382656097412,0,0
0.00024689987192813935869,0.52203815052960433896,0.10608176741386460273,0.36626070514863395822,3.0018508435114714672,0.1832291115983238905,0.38043133077742269377,0.36626071813421029466,2238,2238,0.15180045366287231445,0,0
0.0002468998719753960451,0.52203815002090536712,0.10608176747841754906,0.36626070516615955031,3.0018508475281140413,0.18322911166283536999,0.38043133077693219724,0.36626071786701042132,2239,2239,0.15197159349918365479,0,0
0.00024689987202162875677,0.52203814952332872057,0.10608176754155702881,0.36626070518330539061,3.0018508514566613066,0.18322911172593278617,0.38043133077643137563,0.36626071760567896485,2240,2240,0.15214273333549499512,0,0
0.00024689987206686004511,0.52203814903668022129,0.10608176760330931265,0.36626070520007986131,3.0018508552988931726,0.18322911178764361706,0.38043133077593860314,0.36626071735008958186,2241,2241,0.15231387317180633545,0,0
0.00024689987211111175678,0.52203814856066854677,0.10608176766371049671,0.36626070521649101153,3.0018508590568693251,0.18322911184800322326,0.38043133077543672682,0.36626071710011554039,2242,2242,0.15248501300811767578,0,0
0.00024689987215440546741,0.52203814809511150941,0.1060817677227844924,0.36626070523254694589,3.0018508627322937343,0.18322911190703611295,0.38043133077494373229,0.36626071685563144076,2243,2243,0.15265613794326782227,0,0
0.00024689987219676215631,0.52203814763973543922,0.10608176778056516154,0.36626070524825532493,3.001850866327095968,0.1832291119647755373,0.38043133077444329926,0.36626071661651882216,2244,2244,0.1528272777795791626,0,0
0.00024689987223820236912,0.52203814719435026603,0.10608176783707753965,0.36626070526362380919,3.0018508698429391401,0.18322911202124714247,0.38043133077394725161,0.36626071638266122221,2245,2245,0.15299841761589050293,0,0
0.00024689987227874616357,0.52203814675871151874,0.10608176789235181092,0.36626070527865983717,3.0018508732816537865,0.18322911207648046039,0.38043133077344726267,0.36626071615393940295,2246,2246,0.15316955745220184326,0,0
0.00024689987231841316372,0.52203814633262557443,0.10608176794641327456,0.36626070529337073634,3.0018508766448466218,0.1832291121305013315,0.38043133077294938316,0.36626071593024484008,2247,2247,0.15334069728851318359,0,0
0.00024689987235722266837,0.52203814591586561455,0.10608176799929025513,0.36626070530776361212,3.0018508799342620286,0.18322911218333776118,0.38043133077245006035,0.36626071571146234795,2248,2248,0.15351183712482452393,0,0
0.00024689987239519348844,0.52203814550824556573,0.10608176805100656692,0.36626070532184545891,3.0018508831514179036,0.18322911223501367473,0.38043133077195206981,0.36626071549748900891,2249,2249,0.15368297696113586426,0,0
0.00024689987243234389272,0.52203814510954271721,0.10608176810159078429,0.36626070533562304909,3.0018508862980226581,0.18322911228555782692,0.38043133077145285803,0.36626071528821502188,2250,2250,0.15385411679744720459,0,0
0.00024689987246869198739,0.52203814471958087662,0.10608176815106445945,0.3662607053491030995,3.0018508893754924927,0.18322911233499114547,0.38043133077095220296,0.36626071508354207662,2251,2251,0.15402525663375854492,0,0
0.00024689987250425528232,0.52203814433815221019,0.10608176819945515368,0.36626070536229204944,3.0018508923854732018,0.18322911238334213535,0.38043133077045254709,0.36626071488336442439,2252,2252,0.15419639647006988525,0,0
0.00024689987253905101633,0.52203814396508430029,0.10608176824678344774,0.3662607053751963937,3.0018508953293228103,0.18322911243063033648,0.38043133076995105935,0.36626071468758747418,2253,2253,0.15436753630638122559,0,0
0.00024689987257309594032,0.52203814360017586349,0.10608176829307626454,0.36626070538782229402,3.0018508982086169468,0.18322911247688369873,0.38043133076944923854,0.36626071449611191655,2254,2254,0.15453867614269256592,0,0
0.00024689987260640664261,0.52203814324327646457,0.10608176833835103459,0.36626070540017585664,3.0018509010246310353,0.18322911252211840361,0.38043133076894930511,0.36626071430884232782,2255,2255,0.15470981597900390625,0,0
0.00024689987263899906096,0.52203814289417116434,0.10608176838263701225,0.36626070541226307675,3.0018509037789149474,0.18322911256636514876,0.38043133076844543039,0.3662607141256905563,2256,2256,0.15488095581531524658,0,0
0.00024689987267088913314,0.52203814255273084388,0.10608176842594885247,0.36626070542408983854,3.0018509064726641711,0.18322911260963731239,0.38043133076794555247,0.36626071394656145586,2257,2257,0.15505209565162658691,0,0
0.00024689987270209203798,0.52203814221874678125,0.10608176846831471329,0.36626070543566174864,3.0018509091073677375,0.18322911265196428765,0.3804313307674423994,0.36626071377137042751,2258,2258,0.15522323548793792725,0,0
0.00024689987273262295432,0.52203814189209230001,0.10608176850974888883,0.36626070544698441367,3.0018509116841478601,0.18322911269335898088,0.38043133076694024552,0.36626071360003009669,2259,2259,0.15539437532424926758,0,0
0.00024689987276249657309,0.52203814157257288908,0.1060817685502778579,0.36626070545806332923,3.0018509142044571547,0.18322911273384923092,0.38043133076643703694,0.36626071343245442113,2260,2260,0.15556551516056060791,0,0
0.00024689987279172731418,0.52203814126006342633,0.10608176858991572034,0.3662607054689038244,3.0018509166693640999,0.1832291127734478331,0.38043133076593443898,0.36626071326856185495,2261,2261,0.15573665499687194824,0,0
0.00024689987282032927222,0.52203814095438005882,0.10608176862868753942,0.36626070547951111722,3.0018509190802324937,0.18322911281218104418,0.38043133076542984261,0.36626071310827251759,2262,2262,0.15590779483318328857,0,0
0.00024689987284831616237,0.52203814065540321554,0.1060817686666069154,0.36626070548989031472,3.0018509214381103867,0.18322911285006135418,0.38043133076492696709,0.36626071295150541829,2263,2263,0.15607893466949462891,0,0
0.00024689987287570153715,0.52203814036295470569,0.10608176870369814826,0.36626070550004646842,3.0018509237443122828,0.18322911288711427047,0.38043133076442264828,0.36626071279818411819,2264,2264,0.15625007450580596924,0,0
0.00024689987290249856963,0.52203814007691806687,0.10608176873997433864,0.36626070550998440778,3.0018509259998196192,0.18322911292335164468,0.38043133076391782987,0.36626071264823412132,2265,2265,0.15642119944095611572,0,0
0.00024689987292872010759,0.52203813979713253879,0.10608176877545730243,0.36626070551970890676,3.0018509282058722931,0.18322911295879634741,0.38043133076341295595,0.36626071250157948844,2266,2266,0.15659233927726745605,0,0
0.0002468998729543788362,0.52203813952347766225,0.10608176881016112558,0.36626070552922468382,3.0018509303634535179,0.18322911299346156255,0.38043133076290797101,0.3662607123581488322,2267,2267,0.15676347911357879639,0,0
0.00024689987297948695275,0.52203813925580222488,0.10608176884410625007,0.36626070553853629086,3.0018509324737228106,0.18322911302736857864,0.38043133076240243096,0.36626071221787120935,2268,2268,0.15693461894989013672,0,0
0.00024689987300405665449,0.52203813899399154064,0.10608176887730613736,0.36626070554764816878,3.0018509345376234165,0.18322911306053013547,0.38043133076189694641,0.36626071208067823015,2269,2269,0.15710575878620147705,0,0
0.00024689987302809965081,0.52203813873789628452,0.10608176890978050777,0.36626070555656475847,3.0018509365562753288,0.18322911309296646687,0.38043133076138896387,0.36626071194650106078,2270,2270,0.15727689862251281738,0,0
0.00024689987305162743427,0.52203813848741897896,0.10608176894154125458,0.36626070556529027877,3.0018509385305587323,0.1832291131246890914,0.38043133076088442301,0.36626071181527353193,2271,2271,0.15744803845882415771,0,0
0.00024689987307465144318,0.52203813824240474784,0.10608176897260834792,0.36626070557382894854,3.0018509404615603131,0.18322911315571824287,0.38043133076037533025,0.36626071168693191682,2272,2272,0.15761917829513549805,0,0
0.00024689987309718257379,0.52203813800276555046,0.10608176900299279288,0.36626070558218482009,3.0018509423501265054,0.18322911318606477371,0.38043133075987051184,0.36626071156141104534,2273,2273,0.15779031813144683838,0,0
0.0002468998731192316139,0.52203813776835261695,0.10608176903271372693,0.36626070559036194574,3.0018509441972862639,0.18322911321574797405,0.38043133075936153009,0.36626071143865135404,2274,2274,0.15796145796775817871,0,0
0.0002468998731408091887,0.52203813753908012707,0.10608176906178153065,0.36626070559836415574,3.0018509460038362846,0.18322911324477786366,0.38043133075885449124,0.36626071131859155861,2275,2275,0.15813259780406951904,0,0
0.00024689987316192565231,0.52203813731480119831,0.10608176909021535539,0.3662607056061953914,3.0018509477708059663,0.18322911327317398245,0.38043133075834228984,0.36626071120117204005,2276,2276,0.15830373764038085938,0,0
0.00024689987318259103361,0.52203813709545343613,0.10608176911802308373,0.36626070561385937197,3.0018509494989169539,0.18322911330094412974,0.38043133075783902575,0.3662607110863321247,2277,2277,0.15847487747669219971,0,0
0.00024689987320281525304,0.52203813688087452594,0.10608176914522494949,0.36626070562135970565,3.001850951189162231,0.18322911332810834506,0.38043133075732582515,0.36626071097402040921,2278,2278,0.15864601731300354004,0,0
0.0002468998732226079058,0.52203813667100995577,0.10608176917182876586,0.36626070562870000069,3.0018509528422541166,0.18322911335467498284,0.38043133075682195043,0.36626071086417699707,2279,2279,0.15881715714931488037,0,0
0.00024689987324197847866,0.52203813646570729201,0.10608176919785242132,0.36626070563588375428,3.0018509544591109872,0.18322911338066094622,0.38043133075630652939,0.36626071075675170619,2280,2280,0.1589882969856262207,0,0
0.00024689987326093624153,0.52203813626491712974,0.10608176922330408987,0.36626070564291446363,3.0018509560404269543,0.18322911340607572761,0.38043133075580232161,0.36626071065168780416,2281,2281,0.15915943682193756104,0,0
0.00024689987327949019331,0.52203813606849225337,0.10608176924820024445,0.36626070564979534838,3.0018509575870777617,0.18322911343093423175,0.3804313307552870671,0.36626071054893560852,2282,2282,0.15933057665824890137,0,0
0.00024689987329764917024,0.52203813587638392413,0.10608176927254932276,0.36626070565652979472,3.0018509590997393133,0.18322911345524650617,0.38043133075478313687,0.36626071044844149549,2283,2283,0.1595017164945602417,0,0
0.00024689987331542179172,0.52203813568844614768,0.10608176929636767283,0.36626070566312091126,3.0018509605792362827,0.18322911347902731682,0.38043133075426560641,0.36626071035016155575,2284,2284,0.15967285633087158203,0,0
0.00024689987333281662295,0.52203813550464017723,0.10608176931966230294,0.36626070566957197316,3.0018509620262161519,0.18322911350228515692,0.38043133075376006635,0.36626071025404088877,2285,2285,0.15984399616718292236,0,0
0.00024689987334984190388,0.52203813532482534754,0.10608176934244928358,0.36626070567588592253,3.001850963441480058,0.18322911352503482019,0.38043133075324331305,0.36626071016003713954,2286,2286,0.1600151360034942627,0,0
0.00024689987336650560338,0.52203813514895924808,0.10608176936473556751,0.36626070568206586797,3.001850964825640844,0.18322911354728441125,0.38043133075273594113,0.36626071006809968189,2287,2287,0.16018627583980560303,0,0
0.00024689987338281569034,0.52203813497691486933,0.10608176938653599009,0.36626070568811458505,3.0018509661794654519,0.18322911356904780789,0.3804313307522205756,0.3662607099781860498,2288,2288,0.16035740077495574951,0,0
0.00024689987339877997102,0.52203813480864513785,0.10608176940785726816,0.36626070569403507138,3.0018509675035143225,0.18322911359033222656,0.3804313307517103171,0.36626070989025105717,2289,2289,0.16052854061126708984,0,0
0.00024689987341440592641,0.52203813464403514555,0.10608176942871400117,0.3662607056998301025,3.0018509687985654999,0.18322911361115232221,0.38043133075119700548,0.36626070980425029511,2290,2290,0.16069968044757843018,0,0
0.00024689987342970103751,0.52203813448303326705,0.10608176944911208717,0.36626070570550245398,3.0018509700651172523,0.18322911363151347941,0.38043133075068502613,0.36626070972014329596,2291,2291,0.16087082028388977051,0,0
0.00024689987344467246005,0.522038134325533143,0.10608176946906616722,0.36626070571105473483,3.0018509713039556175,0.18322911365143121354,0.38043133075017315781,0.3662607096378845406,2292,2292,0.16104196012020111084,0,0
0.00024689987345932729555,0.52203813417147904019,0.10608176948858188959,0.36626070571648966512,3.0018509725155246848,0.18322911367091004875,0.38043133074965879148,0.36626070955743955659,2293,2293,0.16121309995651245117,0,0
0.00024689987347367242871,0.52203813402078036443,0.10608176950767213287,0.36626070572180968732,3.0018509737005616422,0.1832291136899639461,0.38043133074914592395,0.36626070947876271378,2294,2294,0.1613842397928237915,0,0
0.00024689987348771474419,0.52203813387337993923,0.10608176952634282286,0.36626070572701741046,3.0018509748595283426,0.18322911370859781832,0.38043133074863266785,0.36626070940181826296,2295,2295,0.16155537962913513184,0,0
0.00024689987350146074723,0.52203813372918095315,0.10608176954460776797,0.36626070573211522152,3.001850975993122006,0.18322911372682657016,0.38043133074811741334,0.36626070932656867862,2296,2296,0.16172651946544647217,0,0
0.00024689987351491699723,0.52203813358814143974,0.10608176956247072908,0.36626070573710561851,3.001850977101773843,0.18322911374465281065,0.38043133074760354662,0.3662607092529743813,2297,2297,0.1618976593017578125,0,0
0.00024689987352808978258,0.5220381334501627002,0.10608176957994552847,0.36626070574199087737,3.0018509781861504315,0.18322911376209136125,0.38043133074708640473,0.36626070918100178675,2298,2298,0.16206879913806915283,0,0
0.00024689987354098539164,0.52203813331521209395,0.10608176959703530251,0.36626070574677332958,3.0018509792466638864,0.18322911377914455344,0.38043133074657364823,0.36626070911061142654,2299,2299,0.16223993897438049316,0,0
0.00024689987355360973331,0.5220381331831840388,0.10608176961375445635,0.36626070575145519559,3.0018509802839705713,0.18322911379582756952,0.38043133074605595123,0.36626070904177293608,2300,2300,0.1624110788106918335,0,0
0.00024689987356596882493,0.52203813305405355472,0.10608176963010508553,0.36626070575603869584,3.0018509812984319751,0.18322911381214165849,0.38043133074554164041,0.36626070897444945595,2301,2301,0.16258221864700317383,0,0
0.00024689987357806841275,0.52203813292771883425,0.10608176964610130377,0.36626070576052593974,3.0018509822907102347,0.18322911382810186387,0.38043133074502388791,0.36626070890860895624,2302,2302,0.16275335848331451416,0,0
0.00024689987358991424306,0.52203813280415400921,0.10608176966174510947,0.36626070576491903674,3.0018509832611295352,0.18322911384370918486,0.38043133074450802278,0.36626070884421874085,2303,2303,0.16292449831962585449,0,0
0.00024689987360151184528,0.52203813268326693109,0.1060817696770495755,0.36626070576922015176,3.0018509842103329177,0.1832291138589777213,0.38043133074399076987,0.36626070878124544761,2304,2304,0.16309563815593719482,0,0
0.00024689987361286664042,0.52203813256502817897,0.10608176969201710271,0.36626070577343117218,3.0018509851386290244,0.18322911387390891647,0.38043133074347484923,0.36626070871965987763,2305,2305,0.16326677799224853516,0,0
0.00024689987362398383266,0.52203813244934949012,0.1060817697066598897,0.36626070577755409641,3.0018509860466076056,0.18322911388851567671,0.3804313307429549873,0.36626070865943199939,2306,2306,0.16343791782855987549,0,0
0.00024689987363486873458,0.52203813233620588452,0.10608176972098055935,0.36626070578159086732,3.0018509869346172714,0.18322911390280022248,0.38043133074243989933,0.36626070860052839517,2307,2307,0.16360905766487121582,0,0
0.00024689987364552638772,0.52203813222551420647,0.10608176973498997797,0.36626070578554337231,3.0018509878031736093,0.18322911391677362825,0.38043133074192109211,0.36626070854292369638,2308,2308,0.16378019750118255615,0,0
0.00024689987365596172521,0.52203813211724159338,0.1060817697486921285,0.36626070578941338773,3.0018509886526305586,0.18322911393043975203,0.38043133074140417227,0.36626070848658853762,2309,2309,0.16395133733749389648,0,0
0.00024689987366617957175,0.52203813201131410437,0.10608176976209655884,0.36626070579320280096,3.0018509894834890517,0.18322911394380825278,0.38043133074088408829,0.36626070843149460821,2310,2310,0.16412247717380523682,0,0
0.00024689987367618480623,0.52203813190770631536,0.10608176977520612783,0.36626070579691333284,3.0018509902960603952,0.18322911395688171177,0.38043133074036727947,0.366260708377613875,2311,2311,0.1642936021089553833,0,0
0.00024689987368598192811,0.52203813180633340529,0.106081769788032243,0.36626070580054664871,3.0018509910908646177,0.18322911396967200837,0.3804313307398451971,0.36626070832492235718,2312,2312,0.16446474194526672363,0,0
0.00024689987369557554525,0.52203813170718682546,0.10608176980057532068,0.36626070580410458044,3.0018509918681637316,0.18322911398217908707,0.3804313307393289989,0.3662607082733894126,2313,2313,0.16463588178157806396,0,0
0.00024689987370497015707,0.52203813161017742495,0.10608176981284740681,0.36626070580758862683,3.0018509926284604461,0.18322911399441552116,0.38043133073880713857,0.36626070822299527929,2314,2314,0.1648070216178894043,0,0
0.00024689987371416999198,0.52203813151529288028,0.1060817698248490426,0.36626070581100050871,3.0018509933720065597,0.18322911400638106083,0.38043133073828760971,0.36626070817371114696,2315,2315,0.16497816145420074463,0,0
0.00024689987372317933256,0.52203813142246013879,0.1060817698365909556,0.3662607058143416694,3.0018509940993047813,0.1832291140180875022,0.38043133073776824737,0.36626070812551275724,2316,2316,0.16514930129051208496,0,0
0.000246899873732002353,0.52203813133165211102,0.10608176984807510257,0.3662607058176137742,3.0018509948105931429,0.18322911402953573345,0.38043133073724783033,0.36626070807837779464,2317,2317,0.16532044112682342529,0,0
0.00024689987374064311905,0.52203813124280895597,0.10608176985931018488,0.36626070582081832194,3.001850995506323283,0.1832291140407353025,0.38043133073672702471,0.36626070803228116812,2318,2318,0.16549158096313476562,0,0
0.00024689987374910558806,0.52203813115590591565,0.10608176987029807603,0.36626070582395670039,3.0018509961867105851,0.18322911405168709753,0.38043133073620494233,0.36626070798720306021,2319,2319,0.16566272079944610596,0,0
0.00024689987375739366315,0.52203813107088059553,0.10608176988104858762,0.36626070582703040834,3.0018509968522550935,0.18322911406240230403,0.38043133073568513591,0.36626070794311643697,2320,2320,0.16583386063575744629,0,0
0.00024689987376551113902,0.52203813098770912582,0.10608176989156259395,0.36626070583004083359,3.0018509975031180126,0.18322911407288025587,0.38043133073516210985,0.36626070790000447852,2321,2321,0.16600500047206878662,0,0
0.00024689987377346175618,0.52203813090633588434,0.10608176990184925437,0.36626070583298941941,3.0018509981397660802,0.18322911408313161119,0.38043133073464135974,0.36626070785784203832,2322,2322,0.16617614030838012695,0,0
0.00024689987378124903829,0.52203813082673666823,0.10608176991190962357,0.36626070583587738705,3.0018509987623782642,0.18322911409315600917,0.38043133073411833367,0.36626070781661079767,2323,2323,0.16634728014469146729,0,0
0.00024689987378887672583,0.5220381307488547451,0.10608176992175297193,0.3662607058387061798,3.0018509993714008743,0.1832291141029641357,0.38043133073359675089,0.3662607077762883856,2324,2324,0.16651841998100280762,0,0
0.00024689987379634812563,0.52203813067267268444,0.10608176993137935495,0.36626070584147701892,3.0018509999669840127,0.18322911411255451974,0.38043133073307339176,0.36626070773685664994,2325,2325,0.16668955981731414795,0,0
0.00024689987380366676135,0.52203813059812975705,0.10608176994079868138,0.36626070584419123666,3.0018510005495797621,0.18322911412193870762,0.38043133073255047671,0.36626070769829455198,2326,2326,0.16686069965362548828,0,0
0.00024689987381083593979,0.52203813052521497173,0.10608176995001022958,0.36626070584684999876,3.0018510011193262343,0.18322911413111436785,0.38043133073202745065,0.36626070766058294037,2327,2327,0.16703183948993682861,0,0
0.00024689987381785891358,0.52203813045387048586,0.1060817699590228258,0.36626070584945452646,3.001851001676609787,0.18322911414009146469,0.38043133073150248169,0.36626070762370499523,2328,2328,0.16720297932624816895,0,0
0.00024689987382473882688,0.52203813038408142244,0.10608176996783787172,0.36626070585200598551,3.0018510022216395861,0.18322911414887096959,0.38043133073098045482,0.36626070758764006641,2329,2329,0.16737411916255950928,0,0
0.0002468998738314788239,0.52203813031579149317,0.10608176997646256989,0.36626070585450559713,3.0018510027547580243,0.18322911415746021002,0.38043133073045493076,0.36626070755237133403,2330,2330,0.16754525899887084961,0,0
0.00024689987383808188618,0.52203813024899214934,0.10608176998489807219,0.36626070585695441606,3.0018510032761307471,0.18322911416586032396,0.38043133072993223776,0.36626070751788236679,2331,2331,0.16771639883518218994,0,0
0.0002468998738445511037,0.52203813018362410503,0.1060817699931515673,0.3662607058593535525,3.0018510037861116935,0.18322911417407827805,0.38043133072940460426,0.36626070748415506806,2332,2332,0.16788753867149353027,0,0
0.0002468998738508893496,0.52203813011968680513,0.10608177000122348543,0.3662607058617041722,3.0018510042848496333,0.18322911418211473844,0.38043133072888174473,0.36626070745117256244,2333,2333,0.16805866360664367676,0,0
0.00024689987385709938859,0.5220381300571143024,0.10608177000912212551,0.36626070586400721885,3.0018510047727144929,0.18322911418997800403,0.38043133072835383368,0.36626070741891841864,2334,2334,0.16822980344295501709,0,0
0.00024689987386318409382,0.52203812999591514554,0.10608177001684628016,0.36626070586626380265,3.0018510052498035279,0.18322911419766671481,0.3804313307278312517,0.36626070738737659394,2335,2335,0.16840094327926635742,0,0
0.00024689987386914617577,0.52203812993601916848,0.10608177002440494219,0.36626070586847486732,3.0018510057164973226,0.18322911420518997461,0.38043133072730300759,0.36626070735653176724,2336,2336,0.16857208311557769775,0,0
0.00024689987387498823655,0.52203812987743414276,0.10608177003179737607,0.36626070587064146755,3.0018510061729086758,0.18322911421254720055,0.38043133072678064766,0.36626070732636761829,2337,2337,0.16874322295188903809,0,0
0.00024689987388071298665,0.52203812982009667465,0.10608177003903102031,0.36626070587276454704,3.001851006619344453,0.18322911421974535928,0.38043133072625057167,0.36626070729687226768,2338,2338,0.16891436278820037842,0,0
0.00024689987388632297395,0.52203812976401475776,0.10608177004610538918,0.36626070587484504948,3.0018510070559414338,0.18322911422678445081,0.38043133072572676845,0.36626070726802756328,2339,2339,0.16908550262451171875,0,0
0.0002468998738918205837,0.52203812970912810698,0.10608177005302800444,0.36626070587688391855,3.0018510074830140333,0.1832291142336717471,0.38043133072519830229,0.36626070723982095956,2340,2340,0.16925664246082305908,0,0
0.00024689987389720830955,0.52203812965544105218,0.1060817700597980473,0.36626070587888198693,3.0018510079006746061,0.18322911424040638773,0.38043133072467427702,0.3662607072122359142,2341,2341,0.16942778229713439941,0,0
0.00024689987390248853676,0.52203812960289275313,0.10608177006642385831,0.3662607058808401983,3.0018510083092198037,0.18322911424699706018,0.38043133072414392348,0.36626070718526509973,2342,2342,0.16959892213344573975,0,0
0.00024689987390766359636,0.52203812955149497821,0.10608177007290303662,0.36626070588275944084,3.0018510087087548754,0.18322911425344071135,0.38043133072361823288,0.3662607071588873664,2343,2343,0.16977006196975708008,0,0
0.00024689987391273576518,0.52203812950118666514,0.10608177007924447788,0.36626070588464049171,3.0018510090995809136,0.18322911425974711119,0.38043133072308787934,0.36626070713309666349,2344,2344,0.16994120180606842041,0,0
0.00024689987391770732003,0.52203812945197669571,0.10608177008544572573,0.36626070588648423909,3.001851009481795618,0.18322911426591281803,0.38043133072256091198,0.36626070710787267393,2345,2345,0.17011234164237976074,0,0
0.00024689987392258037511,0.52203812940381488783,0.10608177009151477377,0.36626070588829146013,3.0018510098556689947,0.18322911427194699119,0.38043133072203222378,0.3662607070832099021,2346,2346,0.17028348147869110107,0,0
0.00024689987392735709883,0.5220381293566976888,0.10608177009745009545,0.3662607058900629875,3.0018510102213027402,0.18322911427784668859,0.38043133072150309149,0.36626070705909080649,2347,2347,0.17045462131500244141,0,0
0.00024689987393203955118,0.52203812931058835023,0.10608177010325849088,0.36626070589179948733,3.0018510105789588671,0.18322911428362020914,0.38043133072097534697,0.36626070703550678287,2348,2348,0.17062576115131378174,0,0
0.00024689987393662979212,0.52203812926547443762,0.10608177010893918291,0.36626070589350184781,3.0018510109287226406,0.18322911428926516586,0.38043133072044410525,0.36626070701244484162,2349,2349,0.17079690098762512207,0,0
0.00024689987394112982745,0.52203812922132331042,0.1060817701144991243,0.36626070589517073506,3.0018510112708871596,0.18322911429479044054,0.38043133071991647176,0.36626070698989321439,2350,2350,0.1709680408239364624,0,0
0.00024689987394554160872,0.52203812917812897343,0.10608177011993599748,0.36626070589680687073,3.0018510116054746284,0.18322911430019150902,0.38043133071938539658,0.36626070696784113201,2351,2351,0.17113918066024780273,0,0
0.0002468998739498670875,0.52203812913585001532,0.10608177012525821237,0.36626070589841103198,3.0018510119328172259,0.18322911430547911271,0.38043133071885676388,0.36626070694627710367,2352,2352,0.17131032049655914307,0,0
0.00024689987395410805272,0.52203812909449143209,0.10608177013046196646,0.36626070589998382943,3.0018510122528887507,0.18322911431064711762,0.38043133071832574421,0.3662607069251913039,2353,2353,0.1714814603328704834,0,0
0.00024689987395826634752,0.52203812905400737154,0.10608177013555619705,0.36626070590152598472,3.0018510125660307075,0.18322911431570670926,0.38043133071779672294,0.3662607069045728525,2354,2354,0.17165260016918182373,0,0
0.00024689987396234381505,0.52203812901439849981,0.10608177014053782328,0.36626070590303810848,3.0018510128722377672,0.18322911432065264181,0.38043133071726414896,0.36626070688441170198,2355,2355,0.17182374000549316406,0,0
0.00024689987396634213582,0.52203812897562995587,0.10608177014541414485,0.36626070590452092235,3.0018510131717985878,0.18322911432549432442,0.38043133071673418399,0.36626070686469797133,2356,2356,0.17199486494064331055,0,0
0.00024689987397026304456,0.52203812893770262793,0.10608177015018224743,0.36626070590597503696,3.0018510134647380383,0.1832291143302268166,0.38043133071620366392,0.3662607068454183934,2357,2357,0.17216600477695465088,0,0
0.00024689987397410827598,0.52203812890057221807,0.10608177015485042993,0.36626070590740111843,3.0018510137513056968,0.18322911433486027688,0.38043133071567103443,0.36626070682657130284,2358,2358,0.17233714461326599121,0,0
0.00024689987397787934798,0.52203812886424982853,0.10608177015941469556,0.36626070590879961086,3.0018510140315379786,0.18322911433938890435,0.38043133071513951515,0.3662607068081384365,2359,2359,0.17250828444957733154,0,0
0.00024689987398157788685,0.52203812882868660949,0.10608177016388406488,0.36626070591017129141,3.0018510143057066664,0.18322911434382374574,0.38043133071460683015,0.36626070679011768494,2360,2360,0.17267942428588867188,0,0
0.00024689987398520557311,0.52203812879390221191,0.10608177016825298677,0.36626070591151660416,3.0018510145737873351,0.18322911434815700171,0.38043133071407608803,0.36626070677249300545,2361,2361,0.17285056412220001221,0,0
0.00024689987398876376201,0.52203812875984056951,0.10608177017253156427,0.36626070591283621525,3.0018510148360801892,0.18322911435240099576,0.38043133071354323649,0.36626070675526256615,2362,2362,0.17302170395851135254,0,0
0.00024689987399225407985,0.52203812872651833565,0.10608177017671484299,0.36626070591413062427,3.0018510150925452606,0.18322911435654867796,0.38043133071300921921,0.36626070673841409908,2363,2363,0.17319284379482269287,0,0
0.0002468998739956779361,0.52203812869389887297,0.10608177018081006715,0.36626070591540038635,3.001851015343454776,0.18322911436060920765,0.3804313307124774779,0.36626070672193949962,2364,2364,0.1733639836311340332,0,0
0.00024689987399903668601,0.52203812866198273657,0.10608177018481490528,0.36626070591664600107,3.0018510155888122881,0.18322911436457853251,0.3804313307119443488,0.36626070670583027455,2365,2365,0.17353512346744537354,0,0
0.00024689987400233190168,0.52203812863073173478,0.10608177018873629627,0.36626070591786807906,3.0018510158288647105,0.18322911436846520128,0.38043133071141033152,0.36626070669008020664,2366,2366,0.17370626330375671387,0,0
0.00024689987400556477571,0.52203812860015963437,0.10608177019257050699,0.36626070591906700891,3.0018510160635902828,0.18322911437226399589,0.38043133071087714692,0.36626070667467908182,2367,2367,0.1738774031400680542,0,0
0.00024689987400873682601,0.52203812857022102722,0.10608177019632510085,0.36626070592024340122,3.0018510162932412477,0.18322911437598377038,0.38043133071034146431,0.36626070665962212614,2368,2368,0.17404854297637939453,0,0
0.00024689987401184919098,0.52203812854093400997,0.10608177019999623369,0.3662607059213977001,3.0018510165178051707,0.18322911437961958425,0.38043133070980866828,0.36626070664489779327,2369,2369,0.17421968281269073486,0,0
0.00024689987401490322587,0.52203812851225395164,0.10608177020359074727,0.36626070592253029412,3.0018510167375103137,0.18322911438317909805,0.38043133070927298567,0.36626070663050169784,2370,2370,0.1743908226490020752,0,0
0.00024689987401790023172,0.52203812848419439696,0.10608177020710631011,0.36626070592364173839,3.0018510169523562325,0.18322911438665959172,0.38043133070874002311,0.36626070661642595727,2371,2371,0.17456196248531341553,0,0
0.00024689987402084134695,0.52203812845671693221,0.10608177021054789047,0.366260705924732477,3.001851017162540991,0.18322911439006603351,0.38043133070820323027,0.36626070660266346612,2372,2372,0.17473310232162475586,0,0
0.0002468998740237278184,0.52203812842983465803,0.10608177021391410055,0.36626070592580295404,3.0018510173680823527,0.18322911439339728545,0.38043133070767098936,0.36626070658920728551,2373,2373,0.17490424215793609619,0,0
0.00024689987402656078446,0.52203812840350238833,0.10608177021721013067,0.3662607059268536136,3.001851017569171276,0.1832291143966581215,0.3804313307071315875,0.36626070657605203085,2374,2374,0.17507538199424743652,0,0
0.00024689987402934143778,0.52203812837774821176,0.10608177022043296933,0.36626070592788484426,3.00185101776580332,0.18322911439984593263,0.38043133070659990169,0.36626070656318793217,2375,2375,0.17524652183055877686,0,0
0.00024689987403207086254,0.52203812835251361957,0.10608177022358974972,0.3662607059288970901,3.0018510179582058583,0.18322911440296762997,0.38043133070606038881,0.36626070655061171433,2376,2376,0.17541766166687011719,0,0
0.00024689987403475014294,0.52203812832783036413,0.10608177022667666933,0.3662607059298906842,3.0018510181463362585,0.18322911440601960531,0.38043133070552676012,0.36626070653831566126,2377,2377,0.17558880150318145752,0,0
0.0002468998740373803632,0.52203812830365137199,0.10608177022969905723,0.36626070593086612615,3.0018510183303988015,0.18322911440900668811,0.38043133070498724724,0.36626070652629305613,2378,2378,0.175759926438331604,0,0
0.00024689987403996260752,0.52203812827999618307,0.10608177023265559502,0.36626070593182380453,3.0018510185103961518,0.18322911441192840654,0.38043133070445372956,0.36626070651453912497,2379,2379,0.17593106627464294434,0,0
0.00024689987404249779746,0.52203812825682438525,0.10608177023555015461,0.36626070593276399689,3.0018510186865023925,0.18322911441478773042,0.38043133070391488282,0.36626070650304592968,2380,2380,0.17610220611095428467,0,0
0.00024689987404498712565,0.52203812823415551847,0.10608177023838112618,0.36626070593368720285,3.0018510188586922105,0.18322911441758366058,0.38043133070338031043,0.36626070649181102779,2381,2381,0.176273345947265625,0,0
0.00024689987404743135102,0.52203812821194151006,0.10608177024115419962,0.36626070593459364444,3.0018510190271987526,0.18322911442032163709,0.38043133070284024244,0.36626070648082570402,2382,2382,0.17644448578357696533,0,0
0.000246899874049831612,0.52203812819021200298,0.10608177024386586385,0.36626070593548382126,3.0018510191919460794,0.18322911442299824603,0.38043133070230478188,0.3662607064700869608,2383,2383,0.17661562561988830566,0,0
0.00024689987405218877595,0.52203812816891903559,0.1060817702465219059,0.36626070593635801087,3.0018510193531615649,0.18322911442561914952,0.38043133070176404775,0.36626070645958713756,2384,2384,0.176786765456199646,0,0
0.00024689987405450371022,0.52203812814809080756,0.10608177024911920328,0.36626070593721649082,3.0018510195107892535,0.18322911442818148875,0.38043133070122930883,0.36626070644932223752,2385,2385,0.17695790529251098633,0,0
0.00024689987405677739059,0.52203812812768135565,0.10608177025166294627,0.36626070593805970521,3.0018510196650196598,0.18322911443069000992,0.3804313307006885192,0.36626070643928687609,2386,2386,0.17712904512882232666,0,0
0.00024689987405901063023,0.52203812810771121899,0.10608177025415163608,0.36626070593888793159,3.0018510198158634417,0.18322911443314401914,0.38043133070015455743,0.366260706429474725,2387,2387,0.17730018496513366699,0,0
0.00024689987406120429648,0.52203812808813909729,0.10608177025658876991,0.36626070593970150302,3.0018510199634214075,0.18322911443554573685,0.38043133069961004855,0.36626070641988545118,2388,2388,0.17747132480144500732,0,0
0.00024689987406335931093,0.52203812806899430043,0.10608177025897275181,0.36626070594050069706,3.001851020107746848,0.1832291144378951353,0.38043133069907691945,0.36626070641050706422,2389,2389,0.17764246463775634766,0,0
0.0002468998740654763783,0.52203812805022731247,0.10608177026130743981,0.36626070594128584679,3.0018510202489321337,0.18322911444019429617,0.38043133069853168893,0.36626070640134161804,2390,2390,0.17781360447406768799,0,0
0.00024689987406755642017,0.52203812803187088498,0.10608177026359130735,0.36626070594205722974,3.0018510203870127917,0.18322911444244358026,0.3804313306979978937,0.36626070639237956472,2391,2391,0.17798474431037902832,0,0
0.00024689987406960008706,0.52203812801387361464,0.10608177026582837899,0.36626070594281512349,3.0018510205221211606,0.18322911444464520803,0.38043133069745360686,0.36626070638361851728,2392,2392,0.17815588414669036865,0,0
0.00024689987407160819211,0.52203812799627113961,0.10608177026801615672,0.3662607059435598611,3.0018510206542190488,0.18322911444679820803,0.38043133069691797976,0.36626070637505464545,2393,2393,0.17832702398300170898,0,0
0.00024689987407358154848,0.52203812797900739362,0.10608177027016005289,0.36626070594429172012,3.0018510207835062964,0.18322911444890663257,0.38043133069637236066,0.36626070636668212055,2394,2394,0.17849816381931304932,0,0
0.0002468998740755208067,0.52203812796212434311,0.10608177027225652866,0.36626070594501086708,3.0018510209099034114,0.18322911445096834449,0.38043133069583606742,0.36626070635849855561,2395,2395,0.17866930365562438965,0,0
0.00024689987407742677991,0.52203812794556747612,0.10608177027431077433,0.36626070594571774608,3.0018510210336115662,0.18322911445298722954,0.3804313306952913365,0.3662607063504972893,2396,2396,0.17884044349193572998,0,0
0.00024689987407930011863,0.52203812792937254184,0.10608177027631983391,0.36626070594641246814,3.0018510211545628152,0.18322911445496153915,0.38043133069475476571,0.36626070634267637871,2397,2397,0.17901158332824707031,0,0
0.00024689987408114141918,0.52203812791349002431,0.10608177027828853689,0.36626070594709536632,3.001851021272939235,0.18322911445689496479,0.38043133069421025683,0.36626070633503027274,2398,2398,0.17918272316455841064,0,0
0.00024689987408295149471,0.52203812789795367433,0.10608177028021367749,0.36626070594776660716,3.0018510213886697713,0.18322911445878514725,0.38043133069367246479,0.36626070632755658441,2399,2399,0.17935386300086975098,0,0
0.00024689987408473094152,0.52203812788271519718,0.10608177028210083459,0.36626070594842657924,3.001851021501948491,0.18322911446063719354,0.38043133069312817796,0.36626070632025092833,2400,2400,0.17952500283718109131,0,0
0.00024689987408648041015,0.52203812786780767752,0.10608177028394590036,0.36626070594907539357,3.0018510216126848,0.18322911446244713463,0.38043133069258849854,0.36626070631311008485,2401,2401,0.17969612777233123779,0,0
0.00024689987408820055111,0.52203812785318837175,0.10608177028575457856,0.36626070594971327221,3.0018510217210758739,0.18322911446422085469,0.38043133069204509988,0.36626070630612983514,2402,2402,0.17986726760864257812,0,0
0.00024689987408989196071,0.52203812783888459137,0.10608177028752287241,0.36626070595034054822,3.0018510218270502143,0.18322911446595394058,0.38043133069150608661,0.36626070629930496114,2403,2403,0.18003840744495391846,0,0
0.00024689987409155523526,0.52203812782485004007,0.10608177028925755425,0.36626070595095744364,3.0018510219307703579,0.18322911446765385857,0.38043133069096018994,0.36626070629263912659,2404,2404,0.18020954728126525879,0,0
0.00024689987409319091687,0.52203812781112346464,0.10608177029095244848,0.36626070595156401399,3.0018510220321847903,0.18322911446931347546,0.3804313306904213432,0.36626070628611723246,2405,2405,0.18038068711757659912,0,0
0.00024689987409479965605,0.52203812779765512708,0.10608177029261528501,0.36626070595216064785,3.0018510221314462783,0.18322911447094161752,0.38043133068987672329,0.36626070627974732785,2406,2406,0.18055182695388793945,0,0
0.00024689987409638199491,0.52203812778447722387,0.10608177029424040172,0.36626070595274745623,3.0018510222284979783,0.18322911447253140138,0.38043133068933621121,0.36626070627351681175,2407,2407,0.18072296679019927979,0,0
0.00024689987409793847555,0.52203812777155023106,0.10608177029583444606,0.36626070595332471669,3.0018510223234868839,0.18322911447409068186,0.3804313306887920354,0.36626070626743068015,2408,2408,0.18089410662651062012,0,0
0.00024689987409946964007,0.52203812775889657516,0.10608177029739258856,0.36626070595389254025,3.001851022416352599,0.18322911447561324172,0.38043133068824824816,0.36626070626147966269,2409,2409,0.18106524646282196045,0,0
0.00024689987410097592214,0.52203812774648672423,0.10608177029892108811,0.36626070595445114897,3.0018510225072554398,0.18322911447710707455,0.38043133068770457195,0.3662607062556658688,2410,2410,0.18123638629913330078,0,0
0.0002468998741024579723,0.52203812773433344585,0.10608177030041565647,0.36626070595500082039,3.0018510225961434479,0.18322911447856601863,0.38043133068715945244,0.36626070624998063874,2411,2411,0.18140752613544464111,0,0
0.00024689987410391622423,0.52203812772241797724,0.1060817703018815672,0.36626070595554161002,3.0018510226831489618,0.18322911447999745693,0.38043133068661694196,0.36626070624442619295,2412,2412,0.18157866597175598145,0,0
0.0002468998741053511658,0.52203812771074742383,0.1060817703033147541,0.36626070595607379543,3.0018510227682106972,0.18322911448139497792,0.38043133068607110081,0.3662607062389959256,2413,2413,0.18174980580806732178,0,0
0.00024689987410676339334,0.52203812769930257875,0.10608177030472100422,0.36626070595659748763,3.0018510228514863059,0.18322911448276679725,0.38043133068552831277,0.36626070623369055834,2414,2414,0.18192094564437866211,0,0
0.0002468998741081531779,0.52203812768809820799,0.10608177030609480807,0.36626070595711290867,3.0018510229328820849,0.18322911448410481028,0.3804313306849833598,0.36626070622850259717,2415,2415,0.18209208548069000244,0,0
0.00024689987410952111578,0.52203812767709967257,0.10608177030744442293,0.36626070595762022508,3.0018510230125925453,0.18322911448542000823,0.38043133068443840683,0.36626070622343670502,2416,2416,0.18226322531700134277,0,0
0.00024689987411086764067,0.5220381276663362824,0.106081770308762105,0.3662607059581196034,3.0018510230904946745,0.18322911448670184398,0.38043133068389289875,0.36626070621848122455,2417,2417,0.18243436515331268311,0,0
0.00024689987411219313203,0.52203812765576940169,0.10608177031005724955,0.36626070595861115464,3.001851023166810073,0.18322911448796286304,0.38043133068334972213,0.36626070621364148483,2418,2418,0.18260550498962402344,0,0
0.00024689987411349807777,0.52203812764542678604,0.10608177031132121071,0.36626070595909510086,3.0018510232413597727,0.1832291144891907142,0.38043133068280221565,0.36626070620890954777,2419,2419,0.18277664482593536377,0,0
0.00024689987411478285734,0.52203812763527435159,0.10608177031256355027,0.36626070595957160858,3.0018510233144013455,0.18322911449039883114,0.38043133068225892801,0.36626070620428696767,2420,2420,0.1829477846622467041,0,0
0.00024689987411604790444,0.52203812762532875169,0.10608177031377716282,0.36626070596004078883,3.0018510233857660374,0.18322911449157641695,0.38043133068170864597,0.36626070619976980325,2421,2421,0.18311892449855804443,0,0
0.00024689987411729359852,0.52203812761557688571,0.10608177031496879295,0.36626070596050275263,3.001851023455680334,0.18322911449273390772,0.38043133068116824491,0.36626070619535366912,2422,2422,0.18329006433486938477,0,0
0.00024689987411852042749,0.52203812760601486787,0.10608177031613344465,0.36626070596095772203,3.0018510235239856954,0.18322911449386236615,0.38043133068061585345,0.36626070619104073023,2423,2423,0.18346118927001953125,0,0
0.00024689987411972866239,0.52203812759664014465,0.10608177031727718254,0.36626070596140580804,3.001851023590903722,0.18322911449497197856,0.38043133068007461972,0.36626070618682488034,2424,2424,0.18363232910633087158,0,0
0.00024689987412091873691,0.52203812758744838618,0.10608177031839502447,0.3662607059618471772,3.0018510236563087368,0.18322911449605377987,0.38043133067952428217,0.36626070618270417656,2425,2425,0.18380346894264221191,0,0
0.00024689987412209097629,0.52203812757843015557,0.10608177031949329872,0.36626070596228188503,3.0018510237203628321,0.18322911449711778986,0.3804313306789798288,0.36626070617868078383,2426,2426,0.18397460877895355225,0,0
0.00024689987412324581424,0.52203812756959488972,0.10608177032056584355,0.36626070596271015356,3.0018510237829629794,0.18322911449815429408,0.38043133067843054596,0.36626070617474593138,2427,2427,0.18414574861526489258,0,0
0.00024689987412438352179,0.52203812756091816372,0.106081770321620944,0.36626070596313209382,3.0018510238443063542,0.18322911449917528293,0.38043133067788581503,0.36626070617090422665,2428,2428,0.18431688845157623291,0,0
0.00024689987412550447841,0.52203812755242473553,0.10608177032264987094,0.36626070596354781683,3.0018510239042113241,0.18322911450016798884,0.3804313306773365877,0.366260706167147565,2429,2429,0.18448802828788757324,0,0
0.00024689987412660900938,0.52203812754407519225,0.10608177032366336578,0.36626070596395743362,3.0018510239629527803,0.18322911450114737208,0.38043133067679085757,0.36626070616347966569,2430,2430,0.18465916812419891357,0,0
0.00024689987412769743994,0.52203812753590228546,0.10608177032465161693,0.36626070596436111071,3.0018510240203073458,0.18322911450209941608,0.38043133067624068655,0.36626070615989381185,2431,2431,0.18483030796051025391,0,0
0.00024689987412877009536,0.52203812752786860063,0.10608177032562483844,0.36626070596475890362,3.0018510240765392538,0.18322911450303838721,0.38043133067569395722,0.36626070615639305661,2432,2432,0.18500144779682159424,0,0
0.00024689987412982735511,0.52203812752000211539,0.10608177032657441219,0.36626070596515097888,3.0018510241314650955,0.18322911450395196198,0.38043133067514384171,0.36626070615296996147,2433,2433,0.18517258763313293457,0,0
0.00024689987413086943602,0.52203812751227518518,0.1060817703275084567,0.36626070596553744751,3.0018510241852891518,0.18322911450485160345,0.38043133067459783403,0.36626070614962769056,2434,2434,0.1853437274694442749,0,0
0.00024689987413189666337,0.52203812750470102166,0.10608177032842125431,0.36626070596591842055,3.0018510242378968478,0.18322911450572862413,0.38043133067404799608,0.36626070614636047074,2435,2435,0.18551486730575561523,0,0
0.00024689987413290936241,0.52203812749726019593,0.10608177032931877248,0.366260705966294009,3.0018510242894316242,0.18322911450659160049,0.38043133067349993448,0.36626070614317146612,2436,2436,0.18568600714206695557,0,0
0.00024689987413390774998,0.52203812748996969439,0.10608177033019541846,0.36626070596666426837,3.0018510243398028869,0.18322911450743242789,0.38043133067295037408,0.36626070614005235004,2437,2437,0.1858571469783782959,0,0
0.00024689987413489220556,0.52203812748280509215,0.10608177033105795073,0.3662607059670293097,3.0018510243891580735,0.18322911450826045998,0.38043133067240264555,0.36626070613700839607,2438,2438,0.18602828681468963623,0,0
0.00024689987413586294597,0.52203812747578159925,0.10608177033190076266,0.36626070596738935503,3.0018510244373932672,0.1832291145090674811,0.38043133067185164187,0.36626070613403305387,2439,2439,0.18619942665100097656,0,0
0.00024689987413682024228,0.52203812746888389462,0.10608177033272905843,0.36626070596774434884,3.0018510244846492441,0.18322911450986106852,0.38043133067130419089,0.36626070613112710062,2440,2440,0.18637056648731231689,0,0
0.00024689987413776431132,0.52203812746211897267,0.10608177033353921592,0.36626070596809451319,3.0018510245308425155,0.1832291145106355601,0.3804313306707536313,0.36626070612828814932,2441,2441,0.18654170632362365723,0,0
0.00024689987413869547836,0.52203812745546895879,0.10608177033433599523,0.36626070596843984806,3.0018510245761098609,0.18322911451139758943,0.38043133067020418192,0.36626070612551603345,2442,2442,0.18671284615993499756,0,0
0.00024689987413961401444,0.52203812744894917408,0.10608177033511501097,0.36626070596878046448,3.0018510246203460312,0.18322911451214093925,0.3804313306696525121,0.36626070612280831051,2443,2443,0.18688398599624633789,0,0
0.0002468998741405201364,0.52203812744254063372,0.10608177033588098159,0.36626070596911652899,3.0018510246636940231,0.18322911451287204887,0.38043133066910206352,0.3662607061201639258,2444,2444,0.18705512583255767822,0,0
0.00024689987414141406109,0.52203812743626198944,0.1060817703366295911,0.36626070596944804159,3.0018510247060707918,0.18322911451358514512,0.38043133066855372437,0.36626070611757816087,2445,2445,0.18722626566886901855,0,0
0.00024689987414229600535,0.52203812743007771413,0.10608177033736694572,0.36626070596977511329,3.0018510247475971298,0.18322911451428755547,0.38043133066800011166,0.36626070611505728847,2446,2446,0.18739739060401916504,0,0
0.00024689987414316624022,0.52203812742402622149,0.1060817703380867727,0.36626070597009785512,3.0018510247881811104,0.1832291145149719247,0.38043133066745216109,0.366260706112590817,2447,2447,0.18756853044033050537,0,0
0.00024689987414402503677,0.52203812741806576714,0.10608177033879551132,0.3662607059704163226,3.0018510248279550723,0.18322911451564555252,0.38043133066689927002,0.3662607061101849637,2448,2448,0.1877396702766418457,0,0
0.0002468998741448725576,0.52203812741222377358,0.10608177033948869294,0.36626070597073068225,3.0018510248668377471,0.18322911451630327639,0.38043133066634843287,0.36626070610783412196,2449,2449,0.18791081011295318604,0,0
0.00024689987414570901958,0.52203812740647559387,0.10608177034017038376,0.36626070597104087856,3.0018510249049463745,0.18322911451694981477,0.38043133066579626345,0.36626070610553812523,2450,2450,0.18808194994926452637,0,0
0.00024689987414653458532,0.52203812740084021282,0.10608177034083746126,0.36626070597134702256,3.0018510249421979097,0.18322911451758150392,0.38043133066524575936,0.36626070610329614086,2451,2451,0.1882530897855758667,0,0
0.00024689987414734952589,0.52203812739529364961,0.10608177034149346429,0.36626070597164928078,3.0018510249787029309,0.18322911451820228512,0.38043133066469286829,0.3662607061011070031,2452,2452,0.18842422962188720703,0,0
0.0002468998741481540039,0.52203812738985577724,0.10608177034213564505,0.3662607059719475977,3.0018510250143970453,0.18322911451880924405,0.38043133066414308585,0.36626070609896915764,2453,2453,0.18859536945819854736,0,0
0.00024689987414894829041,0.52203812738449828501,0.10608177034276780604,0.36626070597224219538,3.0018510250493855018,0.18322911451940629424,0.38043133066358908456,0.36626070609688271551,2454,2454,0.1887665092945098877,0,0
0.00024689987414973243963,0.52203812737924959464,0.10608177034338567291,0.36626070597253296279,3.0018510250835745978,0.18322911451998871724,0.38043133066303813639,0.36626070609484451257,2455,2455,0.18893764913082122803,0,0
0.00024689987415050677682,0.52203812737407684352,0.10608177034399436656,0.36626070597282017749,3.0018510251171042214,0.18322911452056231396,0.38043133066248430163,0.36626070609285515944,2456,2456,0.18910878896713256836,0,0
0.00024689987415127146462,0.52203812736900823133,0.10608177034458948773,0.36626070597310372845,3.0018510251498757846,0.18322911452112208841,0.38043133066193418612,0.36626070609091138097,2457,2457,0.18927992880344390869,0,0
0.00024689987415202661143,0.52203812736401122852,0.10608177034517564385,0.36626070597338378221,3.0018510251819998658,0.18322911452167298108,0.38043133066137890808,0.36626070608901561965,2458,2458,0.18945106863975524902,0,0
0.0002468998741527724341,0.52203812735911403475,0.10608177034574886588,0.36626070597366039427,3.0018510252134089633,0.18322911452221077311,0.38043133066082790439,0.36626070608716249088,2459,2459,0.18962220847606658936,0,0
0.00024689987415350914948,0.5220381273542855638,0.10608177034631383062,0.36626070597393362016,3.0018510252442061059,0.18322911452274062705,0.38043133066027345901,0.36626070608535549189,2460,2460,0.18979334831237792969,0,0
0.00024689987415423681177,0.52203812734955656882,0.1060817703468654033,0.36626070597420345987,3.0018510252742958144,0.18322911452325654769,0.38043133065972262186,0.36626070608358857195,2461,2461,0.18996448814868927002,0,0
0.00024689987415495569202,0.52203812734488241887,0.10608177034741096689,0.36626070597447007993,3.001851025303833076,0.18322911452376713926,0.38043133065916606705,0.36626070608186833688,2462,2462,0.19013562798500061035,0,0
0.00024689987415566589865,0.52203812734030996534,0.10608177034794254168,0.36626070597473348034,3.001851025332670897,0.18322911452426299261,0.3804313306586142307,0.36626070608018507224,2463,2463,0.19030676782131195068,0,0
0.0002468998741563675943,0.52203812733579224581,0.10608177034846813513,0.36626070597499371662,3.0018510253609900218,0.18322911452475354466,0.38043133065805856408,0.36626070607854449568,2464,2464,0.19047790765762329102,0,0
0.0002468998741570609958,0.52203812733136756297,0.10608177034898097491,0.36626070597525084427,3.0018510253886314665,0.183229114525230663,0.38043133065750506239,0.36626070607694249937,2465,2465,0.19064904749393463135,0,0
0.00024689987415774615736,0.52203812732700005661,0.10608177034948741702,0.36626070597550491881,3.0018510254157906303,0.18322911452570203594,0.3804313306569510611,0.36626070607537736246,2466,2466,0.19082018733024597168,0,0
0.00024689987415842324162,0.52203812732271703823,0.10608177034998247934,0.36626070597575605126,3.0018510254423009798,0.1832291145261615295,0.38043133065639717083,0.36626070607385208255,2467,2467,0.19099132716655731201,0,0
0.0002468998741590924112,0.52203812731848997508,0.10608177035047097747,0.36626070597600424161,3.0018510254683254956,0.18322911452661488907,0.38043133065584155972,0.3662607060723633845,2468,2468,0.1911624521017074585,0,0
0.00024689987415975382873,0.52203812731434429129,0.10608177035094887297,0.36626070597624948988,3.0018510254937735837,0.18322911452705742397,0.38043133065528961234,0.36626070607090838172,2469,2469,0.19133359193801879883,0,0
0.00024689987416040760264,0.5220381273102538966,0.10608177035141964917,0.36626070597649196259,3.0018510255187096369,0.18322911452749277017,0.38043133065473277998,0.36626070606949129305,2470,2470,0.19150473177433013916,0,0
0.00024689987416105384135,0.52203812730623411209,0.10608177035188161297,0.36626070597673160423,3.0018510255431207767,0.18322911452791940112,0.38043133065417844563,0.36626070606810789965,2471,2471,0.19167587161064147949,0,0
0.00024689987416169276169,0.52203812730227416861,0.10608177035233591623,0.36626070597696858133,3.0018510255670558529,0.18322911452833834378,0.38043133065362366718,0.36626070606675603658,2472,2472,0.19184701144695281982,0,0
0.00024689987416232436366,0.52203812729838194873,0.10608177035278157363,0.36626070597720283839,3.0018510255904624628,0.1832291145287486267,0.38043133065306944385,0.36626070606543886798,2473,2473,0.19201815128326416016,0,0
0.00024689987416294891832,0.52203812729454102115,0.10608177035322083337,0.36626070597743443091,3.0018510256134294245,0.18322911452915258135,0.3804313306525131666,0.36626070606415322972,2474,2474,0.19218929111957550049,0,0
0.00024689987416356642567,0.52203812729077048171,0.10608177035365086438,0.36626070597766346992,3.0018510256358705846,0.1832291145295470991,0.38043133065195827713,0.36626070606289989895,2475,2475,0.19236043095588684082,0,0
0.00024689987416417704834,0.5220381272870453504,0.10608177035407528876,0.36626070597788989991,3.0018510256579129525,0.18322911452993612125,0.38043133065140116722,0.36626070606167582255,2476,2476,0.19253157079219818115,0,0
0.00024689987416478094895,0.52203812728339016314,0.10608177035449092851,0.3662607059781138874,3.001851025679460605,0.18322911453031642814,0.3804313306508479986,0.3662607060604818332,2477,2477,0.19270271062850952148,0,0
0.00024689987416537818171,0.52203812727977305652,0.10608177035490140572,0.3662607059783353769,3.001851025700601916,0.18322911453069135046,0.38043133065028761353,0.36626070605931959623,2478,2478,0.19287385046482086182,0,0
0.00024689987416596896348,0.52203812727623066792,0.1060817703553026542,0.36626070597855447941,3.0018510257212733805,0.18322911453105725221,0.38043133064973533308,0.36626070605818278336,2479,2479,0.19304499030113220215,0,0
0.00024689987416655324003,0.52203812727271792227,0.10608177035569987812,0.36626070597877113943,3.0018510257415780274,0.18322911453141887961,0.38043133064917411534,0.3662607060570768347,2480,2480,0.19321613013744354248,0,0
0.0002468998741671312282,0.52203812726928344734,0.106081770356087568,0.3662607059789855235,3.0018510257614221537,0.18322911453177131991,0.38043133064862377779,0.3662607060559941452,2481,2481,0.19338726997375488281,0,0
0.00024689987416770298222,0.52203812726587417448,0.10608177035647123332,0.36626070597919752059,3.0018510257808999064,0.18322911453211912503,0.38043133064806133881,0.36626070605494231991,2482,2482,0.19355840981006622314,0,0
0.0002468998741682686647,0.52203812726253440157,0.10608177035684715483,0.36626070597940735274,3.0018510257999588831,0.18322911453245996349,0.38043133064750911387,0.3662607060539148085,2483,2483,0.19372954964637756348,0,0
0.00024689987416882827565,0.5220381272592251598,0.10608177035721796932,0.36626070597961485342,3.0018510258186541506,0.18322911453279480676,0.38043133064694695245,0.36626070605291405347,2484,2484,0.19390068948268890381,0,0
0.00024689987416938203191,0.52203812725598031097,0.10608177035758183104,0.36626070597982024468,3.0018510258369537347,0.18322911453312357155,0.38043133064639406138,0.3662607060519375568,2485,2485,0.19407182931900024414,0,0
0.00024689987416992993348,0.52203812725276144135,0.1060817703579415433,0.3662607059800234155,3.0018510258549295777,0.18322911453344759014,0.38043133064583234404,0.36626070605098626221,2486,2486,0.19424296915531158447,0,0
0.00024689987417047208878,0.52203812724960896308,0.10608177035829333135,0.36626070598022447689,3.0018510258724893092,0.18322911453376408697,0.38043133064527834275,0.36626070605005839331,2487,2487,0.1944141089916229248,0,0
0.00024689987417100866043,0.52203812724648368526,0.10608177035864120585,0.36626070598042348436,3.0018510258897599385,0.18322911453407625393,0.38043133064471879035,0.36626070604915217377,2488,2488,0.19458524882793426514,0,0
0.00024689987417153970266,0.5220381272434149178,0.10608177035898236351,0.36626070598062043793,3.0018510259066313317,0.18322911453438209262,0.38043133064416317923,0.36626070604827160038,2489,2489,0.19475638866424560547,0,0
0.00024689987417206526966,0.52203812724037457205,0.10608177035931951049,0.36626070598081533758,3.0018510259232229487,0.18322911453468362919,0.38043133064360323825,0.36626070604741123304,2490,2490,0.1949275285005569458,0,0
0.00024689987417258541565,0.52203812723739007051,0.10608177035964991286,0.36626070598100823883,3.0018510259394441952,0.18322911453497867096,0.38043133064304862634,0.36626070604657284813,2491,2491,0.19509865343570709229,0,0
0.00024689987417310030327,0.52203812723442777344,0.10608177035997695681,0.36626070598119919719,3.0018510259553736752,0.18322911453526993797,0.38043133064248552122,0.36626070604575838852,2492,2492,0.19526979327201843262,0,0
0.00024689987417361004092,0.52203812723152698272,0.10608177036029653451,0.36626070598138821266,3.0018510259709554333,0.18322911453555401629,0.380431330641931853,0.36626070604496063776,2493,2493,0.19544093310832977295,0,0
0.0002468998741741145744,0.52203812722864206819,0.10608177036061407217,0.36626070598157534075,3.0018510259862836165,0.18322911453583604069,0.38043133064137002464,0.3662607060441867568,2494,2494,0.19561207294464111328,0,0
0.00024689987417461412055,0.52203812722581477423,0.10608177036092421297,0.36626070598176058146,3.0018510260012605251,0.18322911453611059884,0.38043133064081469108,0.36626070604343019532,2495,2495,0.19578321278095245361,0,0
0.00024689987417510862516,0.52203812722300368954,0.10608177036123241088,0.36626070598194399031,3.0018510260159945169,0.18322911453638329737,0.38043133064025236312,0.36626070604269661546,2496,2496,0.19595435261726379395,0,0
0.00024689987417559825086,0.52203812722024933723,0.10608177036153322581,0.36626070598212556728,3.0018510260303945536,0.1832291145366485019,0.38043133063969691854,0.36626070604197824565,2497,2497,0.19612549245357513428,0,0
0.00024689987417608305186,0.5220381272175097509,0.10608177036183241704,0.3662607059823053679,3.0018510260445667726,0.18322911453691223538,0.38043133063913481262,0.3662607060412820803,2498,2498,0.19629663228988647461,0,0
0.00024689987417656308237,0.52203812721482667492,0.10608177036212403099,0.36626070598248339216,3.0018510260584094773,0.18322911453716811403,0.38043133063857953458,0.36626070604059990377,2499,2499,0.19646777212619781494,0,0
0.00024689987417703845082,0.52203812721215248072,0.1060817703624149233,0.36626070598265969558,3.0018510260720465688,0.18322911453742357635,0.38043133063801637395,0.36626070603994032027,2500,2500,0.19663891196250915527,0,0
0.00024689987417750915719,0.52203812720953091109,0.10608177036269866855,0.36626070598283422264,3.0018510260853696892,0.18322911453767154466,0.38043133063745887545,0.36626070603929444802,2501,2501,0.19681005179882049561,0,0
0.00024689987417797536412,0.52203812720692777116,0.1060817703629806652,0.36626070598300713987,3.0018510260984974103,0.18322911453791818071,0.38043133063689926754,0.36626070603866633935,2502,2502,0.19698119163513183594,0,0
0.00024689987417843701741,0.52203812720436448824,0.10608177036325686093,0.36626070598317833626,3.0018510261113204862,0.18322911453815851623,0.38043133063633899349,0.36626070603805538362,2503,2503,0.19715233147144317627,0,0
0.00024689987417889422546,0.52203812720182352081,0.1060817703635308501,0.36626070598334792283,3.0018510261239472747,0.18322911453839707541,0.38043133063577860842,0.36626070603746074816,2504,2504,0.1973234713077545166,0,0
0.00024689987417934715092,0.52203812719932207731,0.10608177036379903835,0.36626070598351589958,3.0018510261362880698,0.18322911453862927855,0.38043133063521844539,0.36626070603688093419,2505,2505,0.19749461114406585693,0,0
0.00024689987417979568536,0.52203812719683828636,0.10608177036406581106,0.36626070598368221098,3.0018510261484467883,0.18322911453886064903,0.38043133063465717214,0.36626070603631855072,2506,2506,0.19766575098037719727,0,0
0.00024689987418023999141,0.52203812719439768308,0.10608177036432625551,0.36626070598384702359,3.0018510261603248424,0.18322911453908508062,0.38043133063409811934,0.36626070603576854623,2507,2507,0.1978368908166885376,0,0
0.00024689987418068012328,0.52203812719197084657,0.10608177036458582565,0.36626070598401022638,3.0018510261720359189,0.18322911453930929015,0.38043133063353706813,0.36626070603523580571,2508,2508,0.19800803065299987793,0,0
0.00024689987418111608098,0.52203812718958120254,0.10608177036483992794,0.36626070598417193036,3.0018510261834898678,0.18322911453952747673,0.38043133063297701613,0.36626070603471561071,2509,2509,0.19817917048931121826,0,0
0.00024689987418154797291,0.52203812718720832287,0.10608177036509258695,0.36626070598433208003,3.0018510261947644047,0.18322911453974471963,0.38043133063241518776,0.3662607060342122911,2510,2510,0.19835031032562255859,0,0
0.0002468998741819758533,0.52203812718487052624,0.10608177036534018056,0.3662607059844907309,3.0018510262058146765,0.18322911453995646691,0.38043133063185557985,0.3662607060337189635,2511,2511,0.19852145016193389893,0,0
0.00024689987418239977635,0.5220381271825530467,0.10608177036558587292,0.36626070598464799399,3.0018510262166810953,0.18322911454016679866,0.38043133063129574989,0.36626070603324134556,2512,2512,0.19869258999824523926,0,0
0.00024689987418281979627,0.52203812718026310069,0.10608177036582717989,0.36626070598480375828,3.0018510262273201405,0.18322911454037210666,0.38043133063073381051,0.36626070603277638416,2513,2513,0.19886372983455657959,0,0
0.00024689987418323591306,0.52203812717799158438,0.1060817703660671546,0.36626070598495807928,3.0018510262378055309,0.18322911454057677627,0.38043133063017314788,0.3662607060323255781,2514,2514,0.19903485476970672607,0,0
0.00024689987418364818094,0.52203812717575470703,0.10608177036630152268,0.36626070598511095699,3.001851026248050669,0.18322911454077500659,0.38043133062961231872,0.36626070603188476404,2515,2515,0.19920599460601806641,0,0
0.00024689987418405676253,0.52203812717352571227,0.10608177036653601566,0.36626070598526250244,3.001851026258171462,0.1832291145409741806,0.38043133062904982422,0.36626070603145954863,2516,2516,0.19937713444232940674,0,0
0.00024689987418446154941,0.52203812717133624144,0.10608177036676443017,0.36626070598541260459,3.0018510262680528911,0.18322911454116647123,0.38043133062848988324,0.36626070603104254886,2517,2517,0.19954827427864074707,0,0
0.00024689987418486265,0.52203812716915143355,0.10608177036699326101,0.36626070598556137448,3.001851026277814416,0.18322911454135995535,0.38043133062792650056,0.36626070603064159181,2518,2518,0.1997194141149520874,0,0
0.00024689987418526017273,0.52203812716700703778,0.10608177036721586073,0.36626070598570881209,3.001851026287347679,0.18322911454154638955,0.38043133062736694816,0.36626070603024696304,2519,2519,0.19989055395126342773,0,0
0.00024689987418565406338,0.52203812716486097667,0.10608177036743990374,0.36626070598585486193,3.0018510262967836866,0.18322911454173515522,0.3804313306268026218,0.36626070602986920965,2520,2520,0.20006169378757476807,0,0
0.00024689987418604437616,0.52203812716275699302,0.10608177036765732704,0.36626070598599963501,3.0018510263059829946,0.18322911454191634362,0.38043133062624201468,0.36626070602949745147,2521,2521,0.2002328336238861084,0,0
0.0002468998741864312195,0.52203812716065378652,0.10608177036787586056,0.36626070598614307583,3.0018510263150943729,0.18322911454209955817,0.3804313306256785765,0.36626070602914029273,2522,2522,0.20040397346019744873,0,0
0.00024689987418681453918,0.52203812715858854965,0.10608177036808835725,0.36626070598628523989,3.0018510263239770453,0.18322911454227586159,0.38043133062511735876,0.3662607060287901839,2523,2523,0.20057511329650878906,0,0
0.00024689987418719438941,0.52203812715652786469,0.1060817703683013119,0.36626070598642612719,3.0018510263327691234,0.18322911454245335849,0.38043133062455453119,0.3662607060284526761,2524,2524,0.20074625313282012939,0,0
0.00024689987418757093282,0.5220381271544973778,0.10608177036850957586,0.36626070598656573774,3.0018510263413609174,0.18322911454262555409,0.38043133062399264732,0.36626070602812343946,2525,2525,0.20091739296913146973,0,0
0.000246899874187944061,0.52203812715247011056,0.10608177036871804799,0.36626070598670412704,3.0018510263498612289,0.18322911454279841581,0.38043133062342765482,0.36626070602780608221,2526,2526,0.20108853280544281006,0,0
0.00024689987418831393657,0.52203812715048025783,0.10608177036892127432,0.36626070598684129509,3.0018510263581617004,0.18322911454296564315,0.38043133062286793589,0.36626070602749494221,2527,2527,0.20125967264175415039,0,0
0.00024689987418868050532,0.52203812714849084919,0.10608177036912469493,0.3662607059869772419,3.001851026366368469,0.18322911454313325907,0.38043133062230294339,0.36626070602719601466,2528,2528,0.20143081247806549072,0,0
0.00024689987418904382147,0.52203812714652675364,0.10608177036932503468,0.36626070598711196746,3.0018510263744220268,0.18322911454329790515,0.38043133062174111503,0.36626070602690508071,2529,2529,0.20160195231437683105,0,0
0.00024689987418940393922,0.52203812714457609179,0.10608177036952323724,0.36626070598724552729,3.0018510263823512396,0.18322911454346008098,0.38043133062117739929,0.36626070602662191833,2530,2530,0.20177309215068817139,0,0
0.00024689987418976091279,0.52203812714264352657,0.10608177036971963569,0.36626070598737792139,3.0018510263901356794,0.18322911454362081352,0.38043133062061434968,0.36626070602635024676,2531,2531,0.20194423198699951172,0,0
0.00024689987419011468796,0.52203812714072450607,0.10608177036991357778,0.36626070598750914975,3.0018510263978055441,0.18322911454377857621,0.38043133062004963474,0.36626070602608401527,2532,2532,0.20211537182331085205,0,0
0.00024689987419046537315,0.52203812713882524754,0.10608177037010613208,0.36626070598763915687,3.0018510264053572811,0.18322911454393572828,0.38043133061948936069,0.36626070602582749824,2533,2533,0.20228651165962219238,0,0
0.00024689987419081296837,0.52203812713693120706,0.10608177037029650758,0.36626070598776810927,3.0018510264127780118,0.1832291145440896607,0.38043133061892064894,0.36626070602557930789,2534,2534,0.20245765149593353271,0,0
0.00024689987419115747361,0.52203812713506436705,0.10608177037048499569,0.36626070598789584043,3.0018510264200850557,0.18322911454424278821,0.38043133061836109654,0.36626070602533855602,2535,2535,0.20262879133224487305,0,0
0.00024689987419149894308,0.52203812713319963645,0.10608177037067184623,0.36626070598802246137,3.0018510264272943999,0.1832291145443933067,0.38043133061779405013,0.36626070602510407692,2536,2536,0.20279991626739501953,0,0
0.00024689987419183748521,0.52203812713136454882,0.10608177037085633754,0.36626070598814802759,3.001851026434363412,0.18322911454454249292,0.3804313306172353859,0.36626070602487853511,2537,2537,0.20297105610370635986,0,0
0.00024689987419217299157,0.5220381271295215786,0.10608177037104017659,0.36626070598827248359,3.0018510264413511557,0.18322911454468979175,0.38043133061666478678,0.36626070602466070936,2538,2538,0.2031421959400177002,0,0
0.00024689987419250557059,0.52203812712771724414,0.10608177037122064335,0.36626070598839582937,3.001851026448187465,0.18322911454483487015,0.38043133061610656664,0.36626070602444965596,2539,2539,0.20331333577632904053,0,0
0.00024689987419283527647,0.52203812712590091927,0.10608177037140126275,0.36626070598851806492,3.0018510264549767008,0.18322911454497908812,0.38043133061553702223,0.36626070602424493083,2540,2540,0.20348447561264038086,0,0
0.000246899874193162055,0.5220381271241214538,0.10608177037157867639,0.36626070598863930128,3.0018510264616171668,0.18322911454512116891,0.38043133061497902414,0.36626070602404725562,2541,2541,0.20365561544895172119,0,0
0.0002468998741934859604,0.52203812712233088611,0.1060817703717559235,0.3662607059887593719,3.0018510264681985689,0.18322911454526194519,0.38043133061440909115,0.36626070602385618624,2542,2542,0.20382675528526306152,0,0
0.00024689987419380710109,0.52203812712057540146,0.10608177037193028402,0.36626070598887849883,3.0018510264746449678,0.18322911454540097287,0.3804313306138508155,0.36626070602367166718,2543,2543,0.20399789512157440186,0,0
0.00024689987419412536863,0.52203812711880759334,0.10608177037210456128,0.36626070598899651554,3.0018510264810336352,0.18322911454553872379,0.3804313306132798278,0.36626070602349392047,2544,2544,0.20416903495788574219,0,0
0.00024689987419444087147,0.52203812711707275884,0.10608177037227625727,0.36626070598911353304,3.0018510264872939608,0.18322911454567505918,0.38043133061272010886,0.3662607060233228351,2545,2545,0.20434017479419708252,0,0
0.00024689987419475360958,0.52203812711533148505,0.10608177037244710672,0.36626070598922949584,3.0018510264935063248,0.18322911454580934065,0.38043133061215111956,0.36626070602315474734,2546,2546,0.20451131463050842285,0,0
0.00024689987419506363719,0.5220381271136192991,0.10608177037261581899,0.36626070598934451494,3.0018510264995863501,0.18322911454594262293,0.38043133061159117858,0.36626070602299543033,2547,2547,0.20468245446681976318,0,0
0.0002468998741953709543,0.52203812711189656603,0.10608177037278418431,0.36626070598945847934,3.0018510265056210784,0.18322911454607432313,0.38043133061101996883,0.36626070602284038769,2548,2548,0.20485359430313110352,0,0
0.0002468998741956755609,0.52203812711020458615,0.10608177037295024592,0.36626070598957144453,3.0018510265115301294,0.18322911454620488536,0.38043133061045908416,0.36626070602269278353,2549,2549,0.20502473413944244385,0,0
0.000246899874195977457,0.52203812710850150403,0.10608177037311636304,0.36626070598968341052,3.0018510265174094265,0.1832291145463345039,0.38043133060988837402,0.36626070602254900965,2550,2550,0.20519587397575378418,0,0
0.0002468998741962766968,0.52203812710683394904,0.10608177037327927439,0.36626070598979437731,3.0018510265231488354,0.18322911454646187424,0.38043133060932887712,0.36626070602241117546,2551,2551,0.20536701381206512451,0,0
0.00024689987419657338872,0.5220381271051521832,0.10608177037344276861,0.36626070598990440041,3.0018510265288651517,0.18322911454658896702,0.38043133060875866658,0.36626070602227817075,2552,2552,0.20553815364837646484,0,0
0.00024689987419686742435,0.5220381271035029469,0.10608177037360308481,0.36626070599001342432,3.0018510265344580112,0.18322911454671353404,0.38043133060819867008,0.36626070602214932936,2553,2553,0.20570929348468780518,0,0
0.00024689987419715885789,0.52203812710183705725,0.10608177037376476104,0.36626070599012156004,3.0018510265400308867,0.18322911454683890597,0.38043133060762762687,0.36626070602202759341,2554,2554,0.20588043332099914551,0,0
0.00024689987419744768935,0.52203812710020691679,0.10608177037392242659,0.36626070599022864105,3.0018510265454727559,0.18322911454696069744,0.38043133060706718629,0.36626070602190796688,2555,2555,0.20605157315731048584,0,0
0.00024689987419773397294,0.52203812709855834662,0.10608177037408202115,0.36626070599033483388,3.0018510265509008583,0.18322911454708409873,0.38043133060649586552,0.36626070602179672253,2556,2556,0.20622271299362182617,0,0
0.00024689987419801770864,0.52203812709694386029,0.10608177037423760503,0.36626070599044002751,3.0018510265562099448,0.18322911454720372526,0.38043133060593464778,0.36626070602168614432,2557,2557,0.2063938528299331665,0,0
0.00024689987419829889648,0.52203812709531394187,0.10608177037439489587,0.36626070599054433297,3.0018510265615039323,0.18322911454732487835,0.38043133060536438173,0.36626070602158322664,2558,2558,0.20656499266624450684,0,0
0.00024689987419857764486,0.52203812709371388845,0.10608177037454864788,0.36626070599064769473,3.0018510265666824566,0.18322911454744264526,0.38043133060480205376,0.36626070602148225186,2559,2559,0.20673611760139465332,0,0
0.00024689987419885384536,0.52203812709210428711,0.10608177037470320481,0.3662607059907501128,3.0018510265718347796,0.18322911454756093952,0.3804313306042327314,0.36626070602138727228,2560,2560,0.20690725743770599365,0,0
0.00024689987419912760641,0.52203812709051367058,0.10608177037485562455,0.3662607059908516427,3.0018510265769000611,0.18322911454767731865,0.38043133060366779441,0.36626070602129545684,2561,2561,0.20707839727401733398,0,0
0.000246899874199398928,0.52203812708892460837,0.10608177037500748918,0.36626070599095228442,3.001851026581917381,0.18322911454779286511,0.38043133060310002636,0.36626070602120763819,2562,2562,0.20724953711032867432,0,0
0.00024689987419966775593,0.52203812708734720349,0.10608177037515847951,0.36626070599105198244,3.0018510265868734166,0.18322911454790796748,0.38043133060253520039,0.36626070602112426045,2563,2563,0.20742067694664001465,0,0
0.0002468998741999341444,0.52203812708577024271,0.10608177037530872044,0.36626070599115073678,3.0018510265917832669,0.18322911454802182085,0.38043133060196654416,0.36626070602104393581,2564,2564,0.20759181678295135498,0,0
0.00024689987420019814763,0.52203812708421071243,0.1060817703754573238,0.36626070599124865845,3.0018510265966149575,0.18322911454813445298,0.38043133060140260637,0.36626070602096749695,2565,2565,0.20776295661926269531,0,0
0.00024689987420045976562,0.5220381270826435216,0.10608177037560631573,0.36626070599134569195,3.0018510266014182264,0.18322911454824705735,0.38043133060083195174,0.36626070602089583206,2566,2566,0.20793409645557403564,0,0
0.00024689987420071899836,0.52203812708109853524,0.10608177037575314272,0.36626070599144183726,3.0018510266061451119,0.18322911454835799638,0.38043133060026890213,0.36626070602082599903,2567,2567,0.20810523629188537598,0,0
0.00024689987420097584585,0.52203812707954677652,0.10608177037590005298,0.36626070599153709439,3.0018510266108413553,0.18322911454846840806,0.38043133059969902465,0.36626070602076021832,2568,2568,0.20827637612819671631,0,0
0.0002468998742012303081,0.52203812707801300341,0.10608177037604557547,0.36626070599163146335,3.0018510266154674326,0.1832291145485780981,0.38043133059913530891,0.36626070602069826787,2569,2569,0.20844751596450805664,0,0
0.00024689987420148243932,0.52203812707647290203,0.10608177037619098693,0.36626070599172499964,3.0018510266200668646,0.18322911454868701098,0.38043133059856504286,0.36626070602063909298,2570,2570,0.20861865580081939697,0,0
0.0002468998742017322395,0.52203812707495378387,0.10608177037633453876,0.36626070599181759224,3.0018510266245859164,0.1832291145487946471,0.38043133059800171569,0.3662607060205834153,2571,2571,0.2087897956371307373,0,0
0.00024689987420197965443,0.52203812707342334143,0.10608177037647882612,0.36626070599190935217,3.0018510266291009714,0.18322911454890253302,0.3804313305974312831,0.36626070602053067971,2572,2572,0.20896093547344207764,0,0
0.00024689987420222479254,0.52203812707191454834,0.10608177037662104569,0.36626070599200027944,3.0018510266335356462,0.18322911454900883688,0.38043133059686767838,0.36626070602048060865,2573,2573,0.20913207530975341797,0,0
0.00024689987420246765383,0.52203812707039609631,0.10608177037676366772,0.36626070599209037404,3.0018510266379538898,0.18322911454911494644,0.3804313305962968017,0.36626070602043392377,2574,2574,0.2093032151460647583,0,0
0.00024689987420270823829,0.52203812706890084794,0.10608177037690415256,0.36626070599217958046,3.0018510266422953059,0.18322911454921947394,0.38043133059573408516,0.3662607060203892928,2575,2575,0.20947435498237609863,0,0
0.00024689987420294649172,0.52203812706738916827,0.10608177037704581702,0.3662607059922678987,3.0018510266466305048,0.18322911454932455655,0.38043133059516121008,0.3662607060203494358,2576,2576,0.20964549481868743896,0,0
0.00024689987420318252253,0.52203812706590491111,0.10608177037718485858,0.3662607059923554953,3.0018510266508888762,0.18322911454942764076,0.38043133059459866008,0.36626070602030996737,2577,2577,0.2098166346549987793,0,0
0.00024689987420341627652,0.52203812706439967073,0.10608177037732574588,0.3662607059924421482,3.0018510266551494681,0.18322911454953197397,0.38043133059402434171,0.36626070602027649414,2578,2578,0.20998777449131011963,0,0
0.00024689987420364775369,0.52203812706292596069,0.10608177037746342741,0.36626070599252802396,3.0018510266593327884,0.18322911454963367039,0.38043133059346223579,0.36626070602024146661,2579,2579,0.21015891432762145996,0,0
0.00024689987420387706244,0.52203812706143293276,0.10608177037760281591,0.36626070599261301153,3.0018510266635125561,0.1832291145497365048,0.38043133059288891662,0.36626070602021271183,2580,2580,0.21033005416393280029,0,0
0.00024689987420410409438,0.52203812705997043597,0.1060817703777387766,0.36626070599269722194,3.0018510266676137199,0.1832291145498362861,0.38043133059232675519,0.36626070602018179212,2581,2581,0.21050117909908294678,0,0
0.0002468998742043289037,0.52203812705848640086,0.10608177037787713815,0.36626070599278059969,3.0018510266717268742,0.18322911454993820457,0.38043133059175399113,0.36626070602015764477,2582,2582,0.21067231893539428711,0,0
0.00024689987420455154462,0.52203812705702890007,0.10608177037801233555,0.36626070599286320029,3.0018510266757618687,0.18322911455003712544,0.38043133059118994233,0.36626070602013210964,2583,2583,0.21084345877170562744,0,0
0.00024689987420477196292,0.52203812705555441287,0.1060817703781496979,0.3662607059929449127,3.0018510266798115182,0.18322911455013818349,0.38043133059061823298,0.36626070602011229216,2584,2584,0.21101459860801696777,0,0
0.0002468998742049901586,0.52203812705410235218,0.10608177037828393774,0.36626070599302584796,3.0018510266837790113,0.18322911455023593863,0.38043133059005218577,0.36626070602009169752,2585,2585,0.21118573844432830811,0,0
0.00024689987420520618589,0.52203812705263774596,0.10608177037842021762,0.36626070599310595055,3.001851026687770041,0.18322911455033605299,0.38043133058948208625,0.36626070602007526622,2586,2586,0.21135687828063964844,0,0
0.00024689987420541999056,0.52203812705119168047,0.10608177037855361091,0.36626070599318527599,3.0018510266916669238,0.18322911455043289219,0.38043133058891431819,0.36626070602006038923,2587,2587,0.21152801811695098877,0,0
0.00024689987420563168103,0.52203812704973961978,0.10608177037868835035,0.36626070599326376875,3.0018510266955966692,0.18322911455053153551,0.38043133058834671667,0.36626070602004606735,2588,2588,0.2116991579532623291,0,0
0.00024689987420584114889,0.52203812704830032665,0.10608177037882088323,0.36626070599334142885,3.0018510266994455904,0.18322911455062751429,0.38043133058777928168,0.36626070602003402144,2589,2589,0.21187029778957366943,0,0
0.00024689987420604850256,0.52203812704685459423,0.10608177037895477612,0.3662607059934183118,3.0018510267033025052,0.18322911455072524167,0.38043133058721018136,0.36626070602002569476,2590,2590,0.21204143762588500977,0,0
0.00024689987420625368782,0.52203812704541663336,0.10608177037908701756,0.36626070599349441759,3.0018510267071052411,0.18322911455082085963,0.38043133058664030388,0.36626070602001836729,2591,2591,0.2122125774621963501,0,0
0.00024689987420645670467,0.52203812704398211419,0.1060817703792195088,0.36626070599356974622,3.0018510267109017597,0.18322911455091719923,0.38043133058607297992,0.36626070602001253862,2592,2592,0.21238371729850769043,0,0
0.00024689987420665760734,0.52203812704254981547,0.10608177037935091758,0.36626070599364424218,3.0018510267146552017,0.18322911455101190126,0.38043133058550265835,0.36626070602000831977,2593,2593,0.21255485713481903076,0,0
0.0002468998742068563958,0.52203812704111807186,0.10608177037948327004,0.36626070599371796099,3.0018510267184117524,0.18322911455110826862,0.38043133058493455723,0.36626070602000693199,2594,2594,0.21272599697113037109,0,0
0.00024689987420705307008,0.5220381270396955431,0.10608177037961304123,0.36626070599379090265,3.001851026722108795,0.18322911455120102775,0.38043133058436484628,0.36626070602000393439,2595,2595,0.21289713680744171143,0,0
0.00024689987420724757595,0.52203812703827023878,0.10608177037974481083,0.36626070599386301163,3.0018510267258156077,0.18322911455129697877,0.38043133058379724476,0.36626070602000659893,2596,2596,0.21306827664375305176,0,0
0.00024689987420744002183,0.52203812703685470442,0.10608177037987326363,0.36626070599393439897,3.0018510267294526983,0.18322911455138810033,0.3804313305832264791,0.36626070602000626586,2597,2597,0.21323941648006439209,0,0
0.00024689987420763035353,0.52203812703543128748,0.10608177038000511649,0.36626070599400500916,3.0018510267331413033,0.18322911455148438442,0.38043133058265926616,0.36626070602001148391,2598,2598,0.21341055631637573242,0,0
0.00024689987420781862523,0.52203812703402174833,0.10608177038013280602,0.36626070599407478667,3.0018510267367353173,0.18322911455157475658,0.38043133058208872255,0.36626070602001381538,2599,2599,0.21358169615268707275,0,0
0.00024689987420800472854,0.52203812703260266126,0.1060817703802641454,0.36626070599414384255,3.001851026740377737,0.18322911455167054107,0.38043133058152084347,0.36626070602002286369,2600,2600,0.21375283598899841309,0,0
0.00024689987420818877185,0.52203812703120189287,0.10608177038039062756,0.36626070599421206575,3.0018510267439215689,0.18322911455175963646,0.38043133058095129906,0.36626070602002719356,2601,2601,0.21392397582530975342,0,0
0.00024689987420837075519,0.52203812702978669158,0.10608177038052131469,0.36626070599427956731,3.0018510267475231323,0.1832291145518546438,0.3804313305803825318,0.36626070602003896193,2602,2602,0.21409511566162109375,0,0
0.00024689987420855062433,0.52203812702838836568,0.10608177038064760256,0.36626070599434629171,3.0018510267510394307,0.18322911455194362818,0.38043133057981265432,0.36626070602004601184,2603,2603,0.21426625549793243408,0,0
0.00024689987420872843349,0.52203812702697882653,0.106081770380777346,0.36626070599441223896,3.0018510267545885917,0.18322911455203755304,0.38043133057924294338,0.36626070602006088883,2604,2604,0.21443738043308258057,0,0
0.00024689987420890412845,0.52203812702558327619,0.10608177038090343958,0.36626070599447735354,3.0018510267580809092,0.1832291145521264264,0.38043133057867328795,0.36626070602007015919,2605,2605,0.2146085202693939209,0,0
0.00024689987420907776343,0.52203812702418017633,0.10608177038103201728,0.36626070599454174648,3.0018510267615816645,0.18322911455221893573,0.3804313305781030774,0.36626070602008692356,2606,2606,0.21477966010570526123,0,0
0.00024689987420924933842,0.52203812702278695745,0.10608177038115808311,0.36626070599460541777,3.0018510267650615475,0.18322911455230800337,0.38043133057753425463,0.3662607060200975817,2607,2607,0.21495079994201660156,0,0
0.00024689987420941885343,0.52203812702138807644,0.10608177038128591141,0.36626070599466825639,3.0018510267685241111,0.18322911455239959677,0.38043133057696348898,0.36626070602011645549,2608,2608,0.21512193977832794189,0,0
0.00024689987420958636266,0.5220381270199975221,0.10608177038141183846,0.36626070599473037337,3.0018510267719720197,0.18322911455248869217,0.38043133057639438865,0.36626070602013055533,2609,2609,0.21529307961463928223,0,0
0.0002468998742097517035,0.52203812701860641265,0.1060817703815385149,0.36626070599479171319,3.0018510267754021648,0.18322911455257898106,0.38043133057582495526,0.36626070602014942912,2610,2610,0.21546421945095062256,0,0
0.00024689987420991509276,0.52203812701721930001,0.10608177038166419215,0.36626070599485227586,3.0018510267788252044,0.18322911455266793768,0.38043133057525629903,0.36626070602016563837,2611,2611,0.21563535928726196289,0,0
0.00024689987421007636784,0.52203812701583007794,0.10608177038179053553,0.36626070599491211688,3.0018510267822278159,0.18322911455275786574,0.38043133057468603297,0.36626070602018673261,2612,2612,0.21580649912357330322,0,0
0.00024689987421023563714,0.52203812701444485267,0.10608177038191597685,0.36626070599497118074,3.0018510267856299834,0.18322911455284660032,0.38043133057411704367,0.36626070602020477374,2613,2613,0.21597763895988464355,0,0
0.00024689987421039284645,0.52203812701305785104,0.10608177038204187614,0.36626070599502946745,3.0018510267890019527,0.18322911455293594551,0.38043133057354555637,0.3662607060202279774,2614,2614,0.21614877879619598389,0,0
0.00024689987421054799578,0.52203812701167862098,0.10608177038216655419,0.36626070599508703252,3.0018510267923712576,0.18322911455302390293,0.38043133057297751076,0.3662607060202474063,2615,2615,0.21631991863250732422,0,0
0.00024689987421070119355,0.52203812701029161936,0.10608177038229221756,0.36626070599514382042,3.0018510267957259074,0.1832291145531128318,0.38043133057240452466,0.36626070602027194223,2616,2616,0.21649105846881866455,0,0
0.00024689987421085233133,0.52203812700891749632,0.10608177038241647927,0.36626070599519988669,3.0018510267990712315,0.18322911455320056717,0.38043133057183797785,0.36626070602029275891,2617,2617,0.21666219830513000488,0,0
0.00024689987421100140913,0.52203812700753327025,0.10608177038254157365,0.36626070599525517579,3.0018510268024014565,0.18322911455328877439,0.38043133057126443664,0.36626070602031840506,2618,2618,0.21683333814144134521,0,0
0.00024689987421114848115,0.52203812700616114562,0.10608177038266576597,0.36626070599530974325,3.001851026805724576,0.18322911455337656528,0.38043133057069772329,0.36626070602034171975,2619,2619,0.21700447797775268555,0,0
0.00024689987421129354741,0.52203812700477802977,0.10608177038279059667,0.36626070599536353356,3.0018510268090472515,0.18322911455346443943,0.38043133057012418208,0.36626070602036731039,2620,2620,0.21717561781406402588,0,0
0.00024689987421143655367,0.52203812700341289954,0.10608177038291401184,0.36626070599541654671,3.0018510268123450579,0.18322911455355150867,0.38043133056955946714,0.36626070602039106916,2621,2621,0.21734675765037536621,0,0
0.00024689987421157755416,0.5220381270020287845,0.10608177038303881479,0.36626070599546883821,3.001851026815640644,0.18322911455363924405,0.3804313305689833169,0.36626070602041987945,2622,2622,0.21751789748668670654,0,0
0.00024689987421171654888,0.52203812700066209995,0.10608177038316268792,0.36626070599552035256,3.0018510268189393386,0.18322911455372697942,0.38043133056841849093,0.366260706020445026,2623,2623,0.21768903732299804688,0,0
0.00024689987421185353783,0.52203812699928087149,0.10608177038328682473,0.36626070599557120078,3.0018510268222176052,0.18322911455381382662,0.38043133056784217416,0.36626070602047366975,2624,2624,0.21786017715930938721,0,0
0.000246899874211988521,0.52203812699792251362,0.10608177038340943499,0.36626070599562127184,3.0018510268254749995,0.1832291145539001187,0.38043133056727851393,0.36626070602049953795,2625,2625,0.21803131699562072754,0,0
0.00024689987421212144418,0.52203812699653873164,0.10608177038353377997,0.36626070599567051023,3.0018510268287488252,0.18322911455398707692,0.3804313305667004208,0.36626070602052940295,2626,2626,0.21820244193077087402,0,0
0.00024689987421225241581,0.52203812699518414853,0.10608177038365597389,0.366260705995719138,3.0018510268319889001,0.18322911455407303594,0.38043133056613759324,0.36626070602055593728,2627,2627,0.21837358176708221436,0,0
0.00024689987421238132745,0.52203812699380247597,0.1060817703837799858,0.3662607059957669331,3.0018510268352507353,0.18322911455415960558,0.38043133056555961113,0.36626070602058619086,2628,2628,0.21854472160339355469,0,0
0.00024689987421250828752,0.52203812699244278583,0.10608177038390316504,0.36626070599581400655,3.0018510268384943629,0.18322911455424678584,0.38043133056499506273,0.36626070602061566728,2629,2629,0.21871586143970489502,0,0
0.00024689987421263318761,0.52203812699106844075,0.10608177038402606673,0.36626070599586030285,3.0018510268417286646,0.18322911455433213423,0.38043133056441880147,0.36626070602064536574,2630,2630,0.21888700127601623535,0,0
0.00024689987421275608193,0.52203812698971152617,0.10608177038414895454,0.36626070599590593302,3.0018510268449669631,0.1832291145544190647,0.38043133056385536328,0.36626070602067456461,2631,2631,0.21905814111232757568,0,0
0.00024689987421287702468,0.52203812698833695904,0.10608177038427180072,0.36626070599595078603,3.0018510268481852776,0.18322911455450430207,0.38043133056327788077,0.36626070602070603943,2632,2632,0.21922928094863891602,0,0
0.00024689987421299596166,0.52203812698698059958,0.10608177038439445261,0.36626070599599486188,3.0018510268514146944,0.18322911455459087171,0.38043133056271388748,0.36626070602073551585,2633,2633,0.21940042078495025635,0,0
0.00024689987421311289286,0.52203812698560814187,0.10608177038451713226,0.36626070599603821609,3.0018510268546227948,0.18322911455467602582,0.38043133056213690457,0.36626070602076765681,2634,2634,0.21957156062126159668,0,0
0.00024689987421322776408,0.52203812698424945093,0.10608177038464007558,0.36626070599608084866,3.0018510268578517675,0.18322911455476287301,0.38043133056157180105,0.36626070602079813243,2635,2635,0.21974270045757293701,0,0
0.00024689987421334073795,0.52203812698288254435,0.1060817703847620197,0.36626070599612270406,3.0018510268610421043,0.18322911455484724996,0.38043133056099648348,0.36626070602082988481,2636,2636,0.21991384029388427734,0,0
0.00024689987421345165183,0.52203812698152485261,0.1060817703848846022,0.36626070599616383783,3.0018510268642581984,0.1832291145549335698,0.38043133056043049178,0.36626070602086074901,2637,2637,0.22008498013019561768,0,0
0.00024689987421356055994,0.5220381269801558366,0.10608177038500704592,0.36626070599620424995,3.0018510268674551966,0.18322911455501861289,0.38043133055985489666,0.36626070602089338957,2638,2638,0.22025611996650695801,0,0
0.00024689987421366751648,0.52203812697879936611,0.10608177038512928148,0.36626070599624394042,3.0018510268706610766,0.18322911455510446088,0.3804313305592886274,0.36626070602092430928,2639,2639,0.22042725980281829834,0,0
0.00024689987421377246725,0.5220381269774323485,0.1060817703852516003,0.36626070599628285374,3.0018510268738394231,0.18322911455518947621,0.38043133055871303227,0.36626070602095883721,2640,2640,0.22059839963912963867,0,0
0.00024689987421387535804,0.52203812697607765436,0.10608177038537332237,0.3662607059963209899,3.001851026877044859,0.18322911455527460256,0.3804313305581471516,0.36626070602098798057,2641,2641,0.220769539475440979,0,0
0.00024689987421397635147,0.52203812697470786119,0.10608177038549627957,0.36626070599635845992,3.0018510268802267582,0.18322911455536045056,0.38043133055757094585,0.36626070602102428486,2642,2642,0.22094067931175231934,0,0
0.00024689987421407528492,0.52203812697335361115,0.10608177038561761307,0.36626070599639515279,3.0018510268834202037,0.18322911455544493853,0.38043133055700384393,0.36626070602105353924,2643,2643,0.22111181914806365967,0,0
0.00024689987421417221259,0.52203812697198714865,0.10608177038574057027,0.36626070599643112402,3.0018510268866194224,0.18322911455553111959,0.38043133055643119089,0.36626070602108778962,2644,2644,0.221282958984375,0,0
0.0002468998742142671887,0.52203812697063267656,0.10608177038586143193,0.36626070599646631809,3.0018510268897893312,0.1832291145556147749,0.38043133055586159097,0.36626070602111826524,2645,2645,0.22145409882068634033,0,0
0.00024689987421436015904,0.52203812696927032189,0.10608177038598388953,0.36626070599650079052,3.0018510268929730067,0.18322911455570045636,0.38043133055528999265,0.36626070602115262664,2646,2646,0.22162523865699768066,0,0
0.0002468998742144511236,0.52203812696791185299,0.10608177038610534793,0.3662607059965345413,3.0018510268961562382,0.18322911455578475004,0.38043133055471944903,0.36626070602118354635,2647,2647,0.221796378493309021,0,0
0.00024689987421454008239,0.52203812696655060854,0.10608177038622768062,0.36626070599656751492,3.0018510268993408019,0.18322911455587032048,0.38043133055414851684,0.36626070602121740816,2648,2648,0.22196751832962036133,0,0
0.00024689987421462708962,0.52203812696519269476,0.10608177038634883371,0.36626070599659982241,3.0018510269025147075,0.18322911455595417007,0.38043133055357719607,0.3662607060212484944,2649,2649,0.22213864326477050781,0,0
0.00024689987421471209107,0.52203812696383067316,0.10608177038647127743,0.36626070599663129723,3.001851026905703268,0.18322911455603985154,0.38043133055300609735,0.36626070602128218967,2650,2650,0.22230978310108184814,0,0
0.00024689987421479508674,0.52203812696247275937,0.10608177038659266644,0.36626070599666210592,3.0018510269088780618,0.18322911455612408971,0.38043133055243533169,0.36626070602131388654,2651,2651,0.22248092293739318848,0,0
0.00024689987421487613085,0.52203812696111018266,0.1060817703867151518,0.36626070599669213745,3.0018510269120697309,0.18322911455620979893,0.38043133055186406644,0.36626070602134741527,2652,2652,0.22265206277370452881,0,0
0.00024689987421495516919,0.52203812695975360114,0.10608177038683609672,0.36626070599672144734,3.0018510269152325343,0.18322911455629342647,0.38043133055129274567,0.36626070602137900112,2653,2653,0.22282320261001586914,0,0
0.00024689987421503220176,0.52203812695839180158,0.10608177038695872085,0.36626070599675003558,3.0018510269184375261,0.183229114556379441,0.38043133055072314574,0.36626070602141141963,2654,2654,0.22299434244632720947,0,0
0.00024689987421510722855,0.52203812695703166735,0.10608177038708001272,0.36626070599677784667,3.0018510269216092112,0.1832291145564632906,0.38043133055015027066,0.36626070602144317201,2655,2655,0.2231654822826385498,0,0
0.00024689987421518024956,0.52203812695566986779,0.1060817703872024842,0.36626070599680493611,3.001851026924803989,0.18322911455654905533,0.38043133054957983807,0.36626070602147620114,2656,2656,0.22333662211894989014,0,0
0.00024689987421525126481,0.52203812695431373037,0.10608177038732308217,0.3662607059968312484,3.0018510269279654601,0.18322911455663210001,0.38043133054900807322,0.36626070602150689881,2657,2657,0.22350776195526123047,0,0
0.00024689987421532032848,0.52203812695295015445,0.10608177038744576182,0.36626070599685689455,3.0018510269311624583,0.18322911455671805903,0.38043133054843680796,0.36626070602154037203,2658,2658,0.2236789017915725708,0,0
0.0002468998742153874406,0.5220381269515919076,0.10608177038756673449,0.36626070599688176355,3.0018510269343408048,0.1832291145568015478,0.38043133054786520963,0.36626070602157023703,2659,2659,0.22385004162788391113,0,0
0.00024689987421545249273,0.52203812695022877577,0.10608177038768941414,0.3662607059969059109,3.0018510269375373589,0.18322911455688753457,0.38043133054729427744,0.36626070602160382128,2660,2660,0.22402118146419525146,0,0
0.00024689987421551553909,0.52203812694887119505,0.10608177038781016477,0.36626070599692928109,3.0018510269407143731,0.18322911455697071803,0.38043133054672267912,0.36626070602163307566,2661,2661,0.2241923213005065918,0,0
0.00024689987421557657967,0.52203812694750606482,0.10608177038793314972,0.36626070599695192964,3.0018510269439224736,0.18322911455705703787,0.38043133054615163591,0.36626070602166627133,2662,2662,0.22436346113681793213,0,0
0.00024689987421563566869,0.52203812694614815104,0.10608177038805394199,0.36626070599697385655,3.0018510269471092577,0.18322911455714024909,0.38043133054558042616,0.3662607060216945265,2663,2663,0.22453460097312927246,0,0
0.00024689987421569275193,0.52203812694478568535,0.10608177038817652449,0.36626070599699500629,3.0018510269503067001,0.18322911455722615259,0.38043133054500977153,0.36626070602172761115,2664,2664,0.22470574080944061279,0,0
0.0002468998742157478294,0.52203812694342399681,0.10608177038829785799,0.3662607059970154344,3.001851026953507251,0.18322911455730994668,0.38043133054443778462,0.36626070602175597735,2665,2665,0.22487688064575195312,0,0
0.0002468998742158009011,0.52203812694206153111,0.10608177038842028783,0.36626070599703514086,3.001851026956708246,0.18322911455739557263,0.38043133054386707448,0.3662607060217881183,2666,2666,0.22504802048206329346,0,0
0.00024689987421585191281,0.52203812694069873235,0.10608177038854173235,0.36626070599705401465,3.0018510269599110174,0.18322911455747944998,0.38043133054329464349,0.36626070602181670655,2667,2667,0.22521916031837463379,0,0
0.00024689987421590097296,0.52203812693933426825,0.106081770388664412,0.36626070599707222231,3.0018510269631204501,0.18322911455756532573,0.38043133054272348925,0.36626070602184862546,2668,2668,0.22539030015468597412,0,0
0.00024689987421594802733,0.52203812693797280176,0.10608177038878575937,0.36626070599708965281,3.0018510269663334356,0.18322911455764917532,0.38043133054215239053,0.36626070602187565939,2669,2669,0.22556143999099731445,0,0
0.00024689987421599307593,0.52203812693660534006,0.10608177038890864718,0.36626070599710636166,3.0018510269695419801,0.18322911455773510658,0.38043133054157945994,0.36626070602190841097,2670,2670,0.22573257982730865479,0,0
0.00024689987421603617297,0.52203812693524898059,0.10608177038902923128,0.36626070599712234888,3.0018510269727611828,0.18322911455781812351,0.38043133054101113677,0.3662607060219319477,2671,2671,0.22590371966361999512,0,0
0.00024689987421607721002,0.52203812693387874333,0.10608177038915274359,0.36626070599713755893,3.0018510269759861586,0.18322911455790488744,0.38043133054043820618,0.36626070602196492132,2672,2672,0.2260748445987701416,0,0
0.0002468998742161162413,0.52203812693251794297,0.10608177038927354974,0.36626070599715204734,3.0018510269791960354,0.18322911455798787661,0.38043133053986644132,0.36626070602199040094,2673,2673,0.22624598443508148193,0,0
0.0002468998742161532668,0.52203812693115037025,0.10608177038939677062,0.3662607059971657586,3.001851026982439663,0.18322911455807436298,0.38043133053929623077,0.36626070602202004389,2674,2674,0.22641712427139282227,0,0
0.00024689987421618834074,0.52203812692978834864,0.10608177038951757676,0.36626070599717880372,3.0018510269856508721,0.18322911455815724113,0.38043133053872363325,0.36626070602204535698,2675,2675,0.2265882641077041626,0,0
0.0002468998742162213547,0.52203812692842110899,0.10608177038964078376,0.36626070599719101617,3.0018510269889024933,0.18322911455824375526,0.38043133053815408884,0.36626070602207400073,2676,2676,0.22675940394401550293,0,0
0.00024689987421625236288,0.52203812692704887333,0.10608177038976299156,0.36626070599720256249,3.0018510269921323541,0.18322911455832810446,0.38043133053757777207,0.36626070602210186733,2677,2677,0.22693054378032684326,0,0
0.00024689987421628131108,0.5220381269256917367,0.10608177038988497731,0.36626070599721327614,3.0018510269953817549,0.1832291145584134251,0.38043133053701339019,0.36626070602212656979,2678,2678,0.22710168361663818359,0,0
0.0002468998742163082535,0.52203812692431550424,0.10608177039000767083,0.36626070599722326815,3.0018510269986253824,0.18322911455849824613,0.38043133053643574115,0.36626070602215438088,2679,2679,0.22727282345294952393,0,0
0.00024689987421633324436,0.52203812692295525899,0.10608177039013001741,0.36626070599723253851,3.0018510270018894381,0.1832291145585839276,0.38043133053587058212,0.36626070602217858374,2680,2680,0.22744396328926086426,0,0
0.00024689987421635612103,0.52203812692158013675,0.10608177039025236399,0.36626070599724103172,3.0018510270051268485,0.18322911455866822128,0.38043133053529293308,0.36626070602220600625,2681,2681,0.22761510312557220459,0,0
0.00024689987421637704613,0.52203812692021822617,0.10608177039037480771,0.36626070599724874777,3.0018510270083988978,0.18322911455875390274,0.38043133053472716343,0.36626070602222954298,2682,2682,0.22778624296188354492,0,0
0.00024689987421639591125,0.52203812691884421415,0.10608177039049734858,0.36626070599725579768,3.001851027011670503,0.18322911455883866827,0.38043133053415278955,0.36626070602225341277,2683,2683,0.22795738279819488525,0,0
0.0002468998742164128248,0.52203812691747386587,0.10608177039062045843,0.36626070599726207044,3.0018510270149336705,0.18322911455892473831,0.3804313305335815798,0.36626070602228033568,2684,2684,0.22812852263450622559,0,0
0.00024689987421642767837,0.5220381269161085136,0.10608177039074202785,0.36626070599726756605,3.0018510270182154898,0.1832291145590085879,0.38043133053301242397,0.36626070602229965356,2685,2685,0.22829966247081756592,0,0
0.00024689987421644052617,0.522038126914731615,0.10608177039086598425,0.36626070599727234001,3.0018510270214839863,0.18322911455909551837,0.38043133053243821662,0.36626070602232885243,2686,2686,0.22847080230712890625,0,0
0.00024689987421645131398,0.52203812691336293206,0.10608177039098787287,0.36626070599727633681,3.0018510270247897864,0.18322911455917961776,0.38043133053186872772,0.36626070602234633844,2687,2687,0.22864194214344024658,0,0
0.00024689987421646015023,0.52203812691198847595,0.10608177039111157947,0.36626070599727961197,3.0018510270280702734,0.18322911455926635393,0.3804313305312966853,0.36626070602237315033,2688,2688,0.22881308197975158691,0,0
0.00024689987421646687228,0.52203812691061646234,0.10608177039123378727,0.36626070599728210997,3.001851027031373853,0.18322911455935070313,0.38043133053072508698,0.36626070602239202412,2689,2689,0.22898422181606292725,0,0
0.00024689987421647158856,0.52203812690924245032,0.10608177039135770203,0.36626070599728383081,3.0018510270346827618,0.18322911455943780012,0.38043133053015554257,0.36626070602241617147,2690,2690,0.22915536165237426758,0,0
0.00024689987421647429907,0.52203812690786810524,0.10608177039147978493,0.36626070599728483002,3.0018510270379867855,0.18322911455952173299,0.38043133052958211238,0.36626070602243454566,2691,2691,0.22932650148868560791,0,0
0.00024689987421647494959,0.52203812690649165074,0.10608177039160401889,0.36626070599728510757,3.0018510270413054641,0.1832291145596091908,0.38043133052901201285,0.36626070602245858199,2692,2692,0.22949764132499694824,0,0
0.00024689987421647354012,0.52203812690511564032,0.10608177039172622669,0.36626070599728455246,3.0018510270446236987,0.18322911455969315142,0.38043133052843852715,0.36626070602247562391,2693,2693,0.22966878116130828857,0,0
0.00024689987421647012489,0.52203812690374196137,0.10608177039185004431,0.3662607059972832757,3.0018510270479463742,0.18322911455978016515,0.38043133052786987092,0.36626070602249771735,2694,2694,0.22983990609645843506,0,0
0.00024689987421646464967,0.52203812690236306437,0.10608177039197286273,0.3662607059972812773,3.0018510270512916982,0.18322911455986490292,0.38043133052729710686,0.36626070602251364905,2695,2695,0.23001104593276977539,0,0
0.00024689987421645711446,0.52203812690098438942,0.10608177039209738812,0.36626070599727844623,3.0018510270546188146,0.18322911455995266605,0.38043133052672639671,0.36626070602253762987,2696,2696,0.23018218576908111572,0,0
0.00024689987421644762769,0.52203812689960793492,0.10608177039221984572,0.36626070599727494903,3.001851027057981014,0.18322911456003701525,0.38043133052615568657,0.36626070602255017539,2697,2697,0.23035332560539245605,0,0
0.00024689987421643602673,0.52203812689822848281,0.10608177039234428785,0.36626070599727061916,3.0018510270613192326,0.18322911456012455633,0.38043133052558497642,0.36626070602257254638,2698,2698,0.23052446544170379639,0,0
0.00024689987421642241999,0.52203812689684869763,0.10608177039246710627,0.36626070599726562316,3.001851027064686761,0.18322911456020926635,0.38043133052501304503,0.36626070602258564701,2699,2699,0.23069560527801513672,0,0
0.00024689987421640675327,0.52203812689546702508,0.10608177039259171492,0.36626070599725979449,3.0018510270680440755,0.18322911456029686295,0.38043133052444216835,0.36626070602260629716,2700,2700,0.23086674511432647705,0,0
0.00024689987421638902657,0.52203812689408923831,0.10608177039271445008,0.36626070599725324417,3.0018510270714182653,0.18322911456038157296,0.38043133052387179127,0.36626070602261834308,2701,2701,0.23103788495063781738,0,0
